2674
2674
2674
2674
2674
2675
2675
2675
2675
2675
2675
2692
2692
2692
2692
2692
2726
2726
2726
2726
2726
2733
2733
2733
2733
2733
2733
2745
2745
2745
2745
2745
2758
2758
2758
2758
2758
2760
2760
2760
2760
2760
2760
2784
2784
2784
2784
2784
2798
2798
2798
2798
2798
2807
2807
2807
2807
2807
2807
2851
2851
2851
2851
2851
2864
2864
2864
2864
2864
2870
2870
2870
2870
2870
2870
2904
2904
2904
2904
2904
2909
2909
2909
2909
2909
2900
2900
2900
2900
2900
2900
2916
2916
2916
2916
2916
2897
2897
2897
2897
2897
2913
2913
2913
2913
2913
2913
2900
2900
2900
2900
2900
2893
2893
2893
2893
2893
2901
2901
2901
2901
2901
2901
2897
2897
2897
2897
2897
2921
2921
2921
2921
2921
2926
2926
2926
2926
2926
2926
2938
2938
2938
2938
2938
2951
2951
2951
2951
2951
2957
2957
2957
2957
2957
2957
2951
2951
2951
2951
2951
2987
2987
2987
2987
2987
2974
2974
2974
2974
2974
2974
2982
2982
2982
2982
2982
2990
2990
2990
2990
2990
2995
2995
2995
2995
2995
2995
2990
2990
2990
2990
2990
2998
2998
2998
2998
2998
3009
3009
3009
3009
3009
3009
3006
3006
3006
3006
3006
2997
2997
2997
2997
2997
3025
3025
3025
3025
3025
3025
2995
2995
2995
2995
2995
2999
2999
2999
2999
2999
2997
2997
2997
2997
2997
2997
3003
3003
3003
3003
3003
3000
3000
3000
3000
3000
3015
3015
3015
3015
3015
3015
3028
3028
3028
3028
3028
3040
3040
3040
3040
3040
3049
3049
3049
3049
3049
3049
3059
3059
3059
3059
3059
3074
3074
3074
3074
3074
3072
3072
3072
3072
3072
3072
3073
3073
3073
3073
3073
3084
3084
3084
3084
3084
3073
3073
3073
3073
3073
3073
3089
3089
3089
3089
3089
3065
3065
3065
3065
3065
3080
3080
3080
3080
3080
3080
3071
3071
3071
3071
3071
3078
3078
3078
3078
3078
3063
3063
3063
3063
3063
3063
3067
3067
3067
3067
3067
3054
3054
3054
3054
3054
3054
3054
3054
3054
3054
3054
3062
3062
3062
3062
3062
3078
3078
3078
3078
3078
3069
3069
3069
3069
3069
3069
3082
3082
3082
3082
3082
3089
3089
3089
3089
3089
3093
3093
3093
3093
3093
3093
3094
3094
3094
3094
3094
3100
3100
3100
3100
3100
3111
3111
3111
3111
3111
3111
3102
3102
3102
3102
3102
3084
3084
3084
3084
3084
3073
3073
3073
3073
3073
3073
3057
3057
3057
3057
3057
3050
3050
3050
3050
3050
3047
3047
3047
3047
3047
3047
3028
3028
3028
3028
3028
3015
3015
3015
3015
3015
3012
3012
3012
3012
3012
3012
3035
3035
3035
3035
3035
3023
3023
3023
3023
3023
3024
3024
3024
3024
3024
3024
3011
3011
3011
3011
3011
3022
3022
3022
3022
3022
3021
3021
3021
3021
3021
3021
2994
2994
2994
2994
2994
3013
3013
3013
3013
3013
3009
3009
3009
3009
3009
3009
3003
3003
3003
3003
3003
3006
3006
3006
3006
3006
3023
3023
3023
3023
3023
3023
2997
2997
2997
2997
2997
2990
2990
2990
2990
2990
2994
2994
2994
2994
2994
2994
2978
2978
2978
2978
2978
2971
2971
2971
2971
2971
2955
2955
2955
2955
2955
2955
2945
2945
2945
2945
2945
2922
2922
2922
2922
2922
2919
2919
2919
2919
2919
2919
2892
2892
2892
2892
2892
2884
2884
2884
2884
2884
2886
2886
2886
2886
2886
2886
2871
2871
2871
2871
2871
2872
2872
2872
2872
2872
2869
2869
2869
2869
2869
2869
2858
2858
2858
2858
2858
2858
2858
2858
2858
2858
2844
2844
2844
2844
2844
2844
2836
2836
2836
2836
2836
2817
2817
2817
2817
2817
2807
2807
2807
2807
2807
2807
2800
2800
2800
2800
2800
2773
2773
2773
2773
2773
2762
2762
2762
2762
2762
2762
2748
2748
2748
2748
2748
2717
2717
2717
2717
2717
2702
2702
2702
2702
2702
2702
2674
2674
2674
2674
2674
2643
2643
2643
2643
2643
2623
2623
2623
2623
2623
2623
2601
2601
2601
2601
2601
2591
2591
2591
2591
2591
2578
2578
2578
2578
2578
2578
2553
2553
2553
2553
2553
2532
2532
2532
2532
2532
2547
2547
2547
2547
2547
2547
2532
2532
2532
2532
2532
2505
2505
2505
2505
2505
2498
2498
2498
2498
2498
2498
2479
2479
2479
2479
2479
2462
2462
2462
2462
2462
2451
2451
2451
2451
2451
2451
2441
2441
2441
2441
2441
2421
2421
2421
2421
2421
2435
2435
2435
2435
2435
2435
2419
2419
2419
2419
2419
2416
2416
2416
2416
2416
2407
2407
2407
2407
2407
2407
2399
2399
2399
2399
2399
2404
2404
2404
2404
2404
2375
2375
2375
2375
2375
2375
2360
2360
2360
2360
2360
2342
2342
2342
2342
2342
2332
2332
2332
2332
2332
2332
2333
2333
2333
2333
2333
2315
2315
2315
2315
2315
2326
2326
2326
2326
2326
2326
2325
2325
2325
2325
2325
2326
2326
2326
2326
2326
2310
2310
2310
2310
2310
2310
2320
2320
2320
2320
2320
2322
2322
2322
2322
2322
2303
2303
2303
2303
2303
2303
2292
2292
2292
2292
2292
2312
2312
2312
2312
2312
2294
2294
2294
2294
2294
2294
2283
2283
2283
2283
2283
2281
2281
2281
2281
2281
2281
2281
2281
2281
2281
2281
2268
2268
2268
2268
2268
2271
2271
2271
2271
2271
2270
2270
2270
2270
2270
2270
2253
2253
2253
2253
2253
2248
2248
2248
2248
2248
2236
2236
2236
2236
2236
2236
2229
2229
2229
2229
2229
2210
2210
2210
2210
2210
2210
2210
2210
2210
2210
2210
2221
2221
2221
2221
2221
2217
2217
2217
2217
2217
2214
2214
2214
2214
2214
2214
2211
2211
2211
2211
2211
2225
2225
2225
2225
2225
2226
2226
2226
2226
2226
2226
2228
2228
2228
2228
2228
2231
2231
2231
2231
2231
2227
2227
2227
2227
2227
2227
2215
2215
2215
2215
2215
2215
2215
2215
2215
2215
2213
2213
2213
2213
2213
2213
2219
2219
2219
2219
2219
2218
2218
2218
2218
2218
2218
2218
2218
2218
2218
2218
2219
2219
2219
2219
2219
2236
2236
2236
2236
2236
2239
2239
2239
2239
2239
2239
2246
2246
2246
2246
2246
2253
2253
2253
2253
2253
2259
2259
2259
2259
2259
2259
2241
2241
2241
2241
2241
2255
2255
2255
2255
2255
2275
2275
2275
2275
2275
2275
2280
2280
2280
2280
2280
2298
2298
2298
2298
2298
2322
2322
2322
2322
2322
2322
2331
2331
2331
2331
2331
2331
2331
2331
2331
2331
2335
2335
2335
2335
2335
2335
2350
2350
2350
2350
2350
2338
2338
2338
2338
2338
2322
2322
2322
2322
2322
2322
2333
2333
2333
2333
2333
2315
2315
2315
2315
2315
2328
2328
2328
2328
2328
2328
2320
2320
2320
2320
2320
2335
2335
2335
2335
2335
2343
2343
2343
2343
2343
2343
2335
2335
2335
2335
2335
2348
2348
2348
2348
2348
2360
2360
2360
2360
2360
2360
2367
2367
2367
2367
2367
2349
2349
2349
2349
2349
2366
2366
2366
2366
2366
2366
2358
2358
2358
2358
2358
2353
2353
2353
2353
2353
2356
2356
2356
2356
2356
2356
2357
2357
2357
2357
2357
2364
2364
2364
2364
2364
2346
2346
2346
2346
2346
2346
2366
2366
2366
2366
2366
2350
2350
2350
2350
2350
2335
2335
2335
2335
2335
2335
2336
2336
2336
2336
2336
2322
2322
2322
2322
2322
2298
2298
2298
2298
2298
2298
2315
2315
2315
2315
2315
2318
2318
2318
2318
2318
2326
2326
2326
2326
2326
2326
2321
2321
2321
2321
2321
2349
2349
2349
2349
2349
2360
2360
2360
2360
2360
2360
2380
2380
2380
2380
2380
2371
2371
2371
2371
2371
2385
2385
2385
2385
2385
2385
2386
2386
2386
2386
2386
2402
2402
2402
2402
2402
2390
2390
2390
2390
2390
2390
2391
2391
2391
2391
2391
2411
2411
2411
2411
2411
2408
2408
2408
2408
2408
2408
2419
2419
2419
2419
2419
2436
2436
2436
2436
2436
2438
2438
2438
2438
2438
2438
2474
2474
2474
2474
2474
2465
2465
2465
2465
2465
2486
2486
2486
2486
2486
2486
2474
2474
2474
2474
2474
2500
2500
2500
2500
2500
2516
2516
2516
2516
2516
2516
2518
2518
2518
2518
2518
2529
2529
2529
2529
2529
2543
2543
2543
2543
2543
2543
2561
2561
2561
2561
2561
2572
2572
2572
2572
2572
2584
2584
2584
2584
2584
2584
2592
2592
2592
2592
2592
2599
2599
2599
2599
2599
2599
2599
2599
2599
2599
2599
2604
2604
2604
2604
2604
2600
2600
2600
2600
2600
2600
2600
2600
2600
2600
2600
2605
2605
2605
2605
2605
2605
2605
2605
2605
2605
2609
2609
2609
2609
2609
2609
2620
2620
2620
2620
2620
2628
2628
2628
2628
2628
2641
2641
2641
2641
2641
2641
2639
2639
2639
2639
2639
2650
2650
2650
2650
2650
2651
2651
2651
2651
2651
2651
2653
2653
2653
2653
2653
2659
2659
2659
2659
2659
2652
2652
2652
2652
2652
2652
2668
2668
2668
2668
2668
2663
2663
2663
2663
2663
2666
2666
2666
2666
2666
2666
2653
2653
2653
2653
2653
2683
2683
2683
2683
2683
2661
2661
2661
2661
2661
2661
2658
2658
2658
2658
2658
2658
2658
2658
2658
2658
2652
2652
2652
2652
2652
2652
2648
2648
2648
2648
2648
2660
2660
2660
2660
2660
2673
2673
2673
2673
2673
2673
2684
2684
2684
2684
2684
2693
2693
2693
2693
2693
2731
2731
2731
2731
2731
2731
2745
2745
2745
2745
2745
2785
2785
2785
2785
2785
2782
2782
2782
2782
2782
2782
2790
2790
2790
2790
2790
2799
2799
2799
2799
2799
2804
2804
2804
2804
2804
2804
2803
2803
2803
2803
2803
2813
2813
2813
2813
2813
2804
2804
2804
2804
2804
2804
2813
2813
2813
2813
2813
2836
2836
2836
2836
2836
2811
2811
2811
2811
2811
2811
2825
2825
2825
2825
2825
2826
2826
2826
2826
2826
2849
2849
2849
2849
2849
2849
2838
2838
2838
2838
2838
2836
2836
2836
2836
2836
2842
2842
2842
2842
2842
2842
2830
2830
2830
2830
2830
2832
2832
2832
2832
2832
2837
2837
2837
2837
2837
2837
2847
2847
2847
2847
2847
2850
2850
2850
2850
2850
2850
2850
2850
2850
2850
2850
2866
2866
2866
2866
2866
2862
2862
2862
2862
2862
2881
2881
2881
2881
2881
2881
2856
2856
2856
2856
2856
2862
2862
2862
2862
2862
2844
2844
2844
2844
2844
2844
2828
2828
2828
2828
2828
2807
2807
2807
2807
2807
2806
2806
2806
2806
2806
2806
2809
2809
2809
2809
2809
2784
2784
2784
2784
2784
2797
2797
2797
2797
2797
2797
2791
2791
2791
2791
2791
2794
2794
2794
2794
2794
2769
2769
2769
2769
2769
2769
2781
2781
2781
2781
2781
2772
2772
2772
2772
2772
2763
2763
2763
2763
2763
2763
2760
2760
2760
2760
2760
2757
2757
2757
2757
2757
2757
2757
2757
2757
2757
2757
2753
2753
2753
2753
2753
2743
2743
2743
2743
2743
2754
2754
2754
2754
2754
2754
2736
2736
2736
2736
2736
2732
2732
2732
2732
2732
2725
2725
2725
2725
2725
2725
2719
2719
2719
2719
2719
2720
2720
2720
2720
2720
2723
2723
2723
2723
2723
2723
2726
2726
2726
2726
2726
2734
2734
2734
2734
2734
2734
2734
2734
2734
2734
2734
2748
2748
2748
2748
2748
2751
2751
2751
2751
2751
2741
2741
2741
2741
2741
2741
2744
2744
2744
2744
2744
2734
2734
2734
2734
2734
2745
2745
2745
2745
2745
2745
2747
2747
2747
2747
2747
2735
2735
2735
2735
2735
2735
2735
2735
2735
2735
2735
2741
2741
2741
2741
2741
2739
2739
2739
2739
2739
2734
2734
2734
2734
2734
2734
2755
2755
2755
2755
2755
2743
2743
2743
2743
2743
2745
2745
2745
2745
2745
2745
2758
2758
2758
2758
2758
2753
2753
2753
2753
2753
2757
2757
2757
2757
2757
2757
2773
2773
2773
2773
2773
2782
2782
2782
2782
2782
2776
2776
2776
2776
2776
2776
2776
2776
2776
2776
2776
2796
2796
2796
2796
2796
2788
2788
2788
2788
2788
2788
2780
2780
2780
2780
2780
2787
2787
2787
2787
2787
2797
2797
2797
2797
2797
2797
2785
2785
2785
2785
2785
2797
2797
2797
2797
2797
2803
2803
2803
2803
2803
2803
2805
2805
2805
2805
2805
2812
2812
2812
2812
2812
2809
2809
2809
2809
2809
2809
2824
2824
2824
2824
2824
2834
2834
2834
2834
2834
2841
2841
2841
2841
2841
2841
2851
2851
2851
2851
2851
2860
2860
2860
2860
2860
2886
2886
2886
2886
2886
2886
2889
2889
2889
2889
2889
2885
2885
2885
2885
2885
2917
2917
2917
2917
2917
2917
2914
2914
2914
2914
2914
2914
2914
2914
2914
2914
2936
2936
2936
2936
2936
2936
2919
2919
2919
2919
2919
2929
2929
2929
2929
2929
2927
2927
2927
2927
2927
2927
2929
2929
2929
2929
2929
2926
2926
2926
2926
2926
2928
2928
2928
2928
2928
2928
2945
2945
2945
2945
2945
2931
2931
2931
2931
2931
2941
2941
2941
2941
2941
2941
2953
2953
2953
2953
2953
2956
2956
2956
2956
2956
2960
2960
2960
2960
2960
2960
2959
2959
2959
2959
2959
2964
2964
2964
2964
2964
2963
2963
2963
2963
2963
2963
2956
2956
2956
2956
2956
2959
2959
2959
2959
2959
2956
2956
2956
2956
2956
2956
2951
2951
2951
2951
2951
2949
2949
2949
2949
2949
2931
2931
2931
2931
2931
2931
2926
2926
2926
2926
2926
2904
2904
2904
2904
2904
2897
2897
2897
2897
2897
2897
2913
2913
2913
2913
2913
2901
2901
2901
2901
2901
2891
2891
2891
2891
2891
2891
2906
2906
2906
2906
2906
2906
2906
2906
2906
2906
2906
2906
2906
2906
2906
2906
2903
2903
2903
2903
2903
2900
2900
2900
2900
2900
2921
2921
2921
2921
2921
2921
2899
2899
2899
2899
2899
2894
2894
2894
2894
2894
2905
2905
2905
2905
2905
2905
2905
2905
2905
2905
2905
2912
2912
2912
2912
2912
2897
2897
2897
2897
2897
2897
2918
2918
2918
2918
2918
2923
2923
2923
2923
2923
2936
2936
2936
2936
2936
2936
2923
2923
2923
2923
2923
2928
2928
2928
2928
2928
2933
2933
2933
2933
2933
2933
2931
2931
2931
2931
2931
2935
2935
2935
2935
2935
2941
2941
2941
2941
2941
2941
2941
2941
2941
2941
2941
2976
2976
2976
2976
2976
2978
2978
2978
2978
2978
2978
2980
2980
2980
2980
2980
2959
2959
2959
2959
2959
2964
2964
2964
2964
2964
2964
2967
2967
2967
2967
2967
2951
2951
2951
2951
2951
2943
2943
2943
2943
2943
2943
2944
2944
2944
2944
2944
2945
2945
2945
2945
2945
2936
2936
2936
2936
2936
2936
2933
2933
2933
2933
2933
2940
2940
2940
2940
2940
2927
2927
2927
2927
2927
2927
2929
2929
2929
2929
2929
2932
2932
2932
2932
2932
2920
2920
2920
2920
2920
2920
2909
2909
2909
2909
2909
2900
2900
2900
2900
2900
2895
2895
2895
2895
2895
2895
2895
2895
2895
2895
2895
2882
2882
2882
2882
2882
2878
2878
2878
2878
2878
2878
2860
2860
2860
2860
2860
2855
2855
2855
2855
2855
2829
2829
2829
2829
2829
2829
2835
2835
2835
2835
2835
2816
2816
2816
2816
2816
2794
2794
2794
2794
2794
2794
2793
2793
2793
2793
2793
2779
2779
2779
2779
2779
2766
2766
2766
2766
2766
2766
2768
2768
2768
2768
2768
2764
2764
2764
2764
2764
2780
2780
2780
2780
2780
2780
2768
2768
2768
2768
2768
2772
2772
2772
2772
2772
2809
2809
2809
2809
2809
2809
2798
2798
2798
2798
2798
2799
2799
2799
2799
2799
2802
2802
2802
2802
2802
2802
2792
2792
2792
2792
2792
2795
2795
2795
2795
2795
2802
2802
2802
2802
2802
2802
2807
2807
2807
2807
2807
2808
2808
2808
2808
2808
2808
2808
2808
2808
2808
2808
2825
2825
2825
2825
2825
2814
2814
2814
2814
2814
2823
2823
2823
2823
2823
2823
2809
2809
2809
2809
2809
2821
2821
2821
2821
2821
2810
2810
2810
2810
2810
2810
2806
2806
2806
2806
2806
2825
2825
2825
2825
2825
2824
2824
2824
2824
2824
2824
2838
2838
2838
2838
2838
2838
2838
2838
2838
2838
2845
2845
2845
2845
2845
2845
2847
2847
2847
2847
2847
2845
2845
2845
2845
2845
2840
2840
2840
2840
2840
2840
2839
2839
2839
2839
2839
2837
2837
2837
2837
2837
2811
2811
2811
2811
2811
2811
2821
2821
2821
2821
2821
2806
2806
2806
2806
2806
2775
2775
2775
2775
2775
2775
2766
2766
2766
2766
2766
2764
2764
2764
2764
2764
2755
2755
2755
2755
2755
2755
2742
2742
2742
2742
2742
2722
2722
2722
2722
2722
2708
2708
2708
2708
2708
2708
2687
2687
2687
2687
2687
2655
2655
2655
2655
2655
2649
2649
2649
2649
2649
2649
2630
2630
2630
2630
2630
2614
2614
2614
2614
2614
2591
2591
2591
2591
2591
2591
2592
2592
2592
2592
2592
2585
2585
2585
2585
2585
2576
2576
2576
2576
2576
2576
2562
2562
2562
2562
2562
2548
2548
2548
2548
2548
2536
2536
2536
2536
2536
2536
2506
2506
2506
2506
2506
2511
2511
2511
2511
2511
2499
2499
2499
2499
2499
2499
2473
2473
2473
2473
2473
2475
2475
2475
2475
2475
2468
2468
2468
2468
2468
2468
2451
2451
2451
2451
2451
2451
2451
2451
2451
2451
2444
2444
2444
2444
2444
2444
2440
2440
2440
2440
2440
2422
2422
2422
2422
2422
2425
2425
2425
2425
2425
2425
2424
2424
2424
2424
2424
2398
2398
2398
2398
2398
2417
2417
2417
2417
2417
2417
2400
2400
2400
2400
2400
2395
2395
2395
2395
2395
2376
2376
2376
2376
2376
2376
2370
2370
2370
2370
2370
2374
2374
2374
2374
2374
2378
2378
2378
2378
2378
2378
2358
2358
2358
2358
2358
2366
2366
2366
2366
2366
2361
2361
2361
2361
2361
2361
2365
2365
2365
2365
2365
2346
2346
2346
2346
2346
2361
2361
2361
2361
2361
2361
2340
2340
2340
2340
2340
2346
2346
2346
2346
2346
2331
2331
2331
2331
2331
2331
2332
2332
2332
2332
2332
2308
2308
2308
2308
2308
2293
2293
2293
2293
2293
2293
2290
2290
2290
2290
2290
2301
2301
2301
2301
2301
2281
2281
2281
2281
2281
2281
2281
2281
2281
2281
2281
2274
2274
2274
2274
2274
2261
2261
2261
2261
2261
2261
2263
2263
2263
2263
2263
2270
2270
2270
2270
2270
2248
2248
2248
2248
2248
2248
2251
2251
2251
2251
2251
2247
2247
2247
2247
2247
2244
2244
2244
2244
2244
2244
2244
2244
2244
2244
2244
2239
2239
2239
2239
2239
2232
2232
2232
2232
2232
2232
2250
2250
2250
2250
2250
2246
2246
2246
2246
2246
2227
2227
2227
2227
2227
2227
2252
2252
2252
2252
2252
2264
2264
2264
2264
2264
2264
2264
2264
2264
2264
2264
2255
2255
2255
2255
2255
2264
2264
2264
2264
2264
2241
2241
2241
2241
2241
2241
2262
2262
2262
2262
2262
2263
2263
2263
2263
2263
2270
2270
2270
2270
2270
2270
2273
2273
2273
2273
2273
2271
2271
2271
2271
2271
2278
2278
2278
2278
2278
2278
2275
2275
2275
2275
2275
2267
2267
2267
2267
2267
2275
2275
2275
2275
2275
2275
2282
2282
2282
2282
2282
2269
2269
2269
2269
2269
2284
2284
2284
2284
2284
2284
2295
2295
2295
2295
2295
2292
2292
2292
2292
2292
2286
2286
2286
2286
2286
2286
2292
2292
2292
2292
2292
2295
2295
2295
2295
2295
2301
2301
2301
2301
2301
2301
2306
2306
2306
2306
2306
2308
2308
2308
2308
2308
2314
2314
2314
2314
2314
2314
2303
2303
2303
2303
2303
2323
2323
2323
2323
2323
2298
2298
2298
2298
2298
2298
2302
2302
2302
2302
2302
2299
2299
2299
2299
2299
2298
2298
2298
2298
2298
2298
2302
2302
2302
2302
2302
2287
2287
2287
2287
2287
2299
2299
2299
2299
2299
2299
2281
2281
2281
2281
2281
2269
2269
2269
2269
2269
2273
2273
2273
2273
2273
2273
2277
2277
2277
2277
2277
2276
2276
2276
2276
2276
2289
2289
2289
2289
2289
2289
2295
2295
2295
2295
2295
2305
2305
2305
2305
2305
2335
2335
2335
2335
2335
2335
2331
2331
2331
2331
2331
2340
2340
2340
2340
2340
2344
2344
2344
2344
2344
2344
2360
2360
2360
2360
2360
2365
2365
2365
2365
2365
2379
2379
2379
2379
2379
2379
2380
2380
2380
2380
2380
2383
2383
2383
2383
2383
2412
2412
2412
2412
2412
2412
2426
2426
2426
2426
2426
2431
2431
2431
2431
2431
2449
2449
2449
2449
2449
2449
2456
2456
2456
2456
2456
2465
2465
2465
2465
2465
2483
2483
2483
2483
2483
2483
2494
2494
2494
2494
2494
2523
2523
2523
2523
2523
2509
2509
2509
2509
2509
2509
2526
2526
2526
2526
2526
2539
2539
2539
2539
2539
2556
2556
2556
2556
2556
2556
2553
2553
2553
2553
2553
2561
2561
2561
2561
2561
2577
2577
2577
2577
2577
2577
2582
2582
2582
2582
2582
2585
2585
2585
2585
2585
2597
2597
2597
2597
2597
2597
2607
2607
2607
2607
2607
2609
2609
2609
2609
2609
2615
2615
2615
2615
2615
2615
2612
2612
2612
2612
2612
2617
2617
2617
2617
2617
2623
2623
2623
2623
2623
2623
2630
2630
2630
2630
2630
2636
2636
2636
2636
2636
2637
2637
2637
2637
2637
2637
2628
2628
2628
2628
2628
2633
2633
2633
2633
2633
2635
2635
2635
2635
2635
2635
2644
2644
2644
2644
2644
2625
2625
2625
2625
2625
2632
2632
2632
2632
2632
2632
2632
2632
2632
2632
2632
2637
2637
2637
2637
2637
2631
2631
2631
2631
2631
2631
2631
2631
2631
2631
2631
2638
2638
2638
2638
2638
2642
2642
2642
2642
2642
2642
2649
2649
2649
2649
2649
2652
2652
2652
2652
2652
2655
2655
2655
2655
2655
2655
2673
2673
2673
2673
2673
2693
2693
2693
2693
2693
2697
2697
2697
2697
2697
2697
2705
2705
2705
2705
2705
2730
2730
2730
2730
2730
2739
2739
2739
2739
2739
2739
2764
2764
2764
2764
2764
2770
2770
2770
2770
2770
2787
2787
2787
2787
2787
2787
2792
2792
2792
2792
2792
2805
2805
2805
2805
2805
2825
2825
2825
2825
2825
2825
2823
2823
2823
2823
2823
2846
2846
2846
2846
2846
2848
2848
2848
2848
2848
2848
2871
2871
2871
2871
2871
2877
2877
2877
2877
2877
2890
2890
2890
2890
2890
2890
2900
2900
2900
2900
2900
2923
2923
2923
2923
2923
2927
2927
2927
2927
2927
2927
2940
2940
2940
2940
2940
2958
2958
2958
2958
2958
2964
2964
2964
2964
2964
2964
2986
2986
2986
2986
2986
2994
2994
2994
2994
2994
3017
3017
3017
3017
3017
3017
3013
3013
3013
3013
3013
3014
3014
3014
3014
3014
3029
3029
3029
3029
3029
3029
3025
3025
3025
3025
3025
3018
3018
3018
3018
3018
3004
3004
3004
3004
3004
3004
3011
3011
3011
3011
3011
3008
3008
3008
3008
3008
2986
2986
2986
2986
2986
2986
2981
2981
2981
2981
2981
2973
2973
2973
2973
2973
2961
2961
2961
2961
2961
2961
2939
2939
2939
2939
2939
2933
2933
2933
2933
2933
2925
2925
2925
2925
2925
2925
2903
2903
2903
2903
2903
2890
2890
2890
2890
2890
2897
2897
2897
2897
2897
2897
2875
2875
2875
2875
2875
2874
2874
2874
2874
2874
2865
2865
2865
2865
2865
2865
2864
2864
2864
2864
2864
2848
2848
2848
2848
2848
2847
2847
2847
2847
2847
2847
2831
2831
2831
2831
2831
2821
2821
2821
2821
2821
2805
2805
2805
2805
2805
2805
2787
2787
2787
2787
2787
2771
2771
2771
2771
2771
2755
2755
2755
2755
2755
2755
2740
2740
2740
2740
2740
2724
2724
2724
2724
2724
2718
2718
2718
2718
2718
2718
2690
2690
2690
2690
2690
2688
2688
2688
2688
2688
2674
2674
2674
2674
2674
2674
2661
2661
2661
2661
2661
2651
2651
2651
2651
2651
2645
2645
2645
2645
2645
2645
2658
2658
2658
2658
2658
2646
2646
2646
2646
2646
2653
2653
2653
2653
2653
2653
2658
2658
2658
2658
2658
2653
2653
2653
2653
2653
2656
2656
2656
2656
2656
2656
2649
2649
2649
2649
2649
2649
2649
2649
2649
2649
2626
2626
2626
2626
2626
2626
2615
2615
2615
2615
2615
2615
2615
2615
2615
2615
2604
2604
2604
2604
2604
2604
2589
2589
2589
2589
2589
2584
2584
2584
2584
2584
2570
2570
2570
2570
2570
2570
2554
2554
2554
2554
2554
2546
2546
2546
2546
2546
2537
2537
2537
2537
2537
2537
2539
2539
2539
2539
2539
2518
2518
2518
2518
2518
2518
2518
2518
2518
2518
2518
2505
2505
2505
2505
2505
2489
2489
2489
2489
2489
2482
2482
2482
2482
2482
2482
2497
2497
2497
2497
2497
2475
2475
2475
2475
2475
2465
2465
2465
2465
2465
2465
2463
2463
2463
2463
2463
2445
2445
2445
2445
2445
2438
2438
2438
2438
2438
2438
2426
2426
2426
2426
2426
2415
2415
2415
2415
2415
2404
2404
2404
2404
2404
2404
2383
2383
2383
2383
2383
2368
2368
2368
2368
2368
2361
2361
2361
2361
2361
2361
2345
2345
2345
2345
2345
2339
2339
2339
2339
2339
2343
2343
2343
2343
2343
2343
2334
2334
2334
2334
2334
2309
2309
2309
2309
2309
2293
2293
2293
2293
2293
2293
2295
2295
2295
2295
2295
2282
2282
2282
2282
2282
2269
2269
2269
2269
2269
2269
2259
2259
2259
2259
2259
2252
2252
2252
2252
2252
2245
2245
2245
2245
2245
2245
2246
2246
2246
2246
2246
2237
2237
2237
2237
2237
2237
2237
2237
2237
2237
2237
2219
2219
2219
2219
2219
2222
2222
2222
2222
2222
2223
2223
2223
2223
2223
2223
2212
2212
2212
2212
2212
2199
2199
2199
2199
2199
2205
2205
2205
2205
2205
2205
2202
2202
2202
2202
2202
2200
2200
2200
2200
2200
2191
2191
2191
2191
2191
2191
2204
2204
2204
2204
2204
2194
2194
2194
2194
2194
2187
2187
2187
2187
2187
2187
2190
2190
2190
2190
2190
2186
2186
2186
2186
2186
2173
2173
2173
2173
2173
2173
2162
2162
2162
2162
2162
2161
2161
2161
2161
2161
2154
2154
2154
2154
2154
2154
2138
2138
2138
2138
2138
2134
2134
2134
2134
2134
2144
2144
2144
2144
2144
2144
2137
2137
2137
2137
2137
2144
2144
2144
2144
2144
2146
2146
2146
2146
2146
2146
2151
2151
2151
2151
2151
2152
2152
2152
2152
2152
2154
2154
2154
2154
2154
2154
2150
2150
2150
2150
2150
2160
2160
2160
2160
2160
2146
2146
2146
2146
2146
2146
2161
2161
2161
2161
2161
2171
2171
2171
2171
2171
2148
2148
2148
2148
2148
2148
2154
2154
2154
2154
2154
2163
2163
2163
2163
2163
2171
2171
2171
2171
2171
2171
2153
2153
2153
2153
2153
2169
2169
2169
2169
2169
2169
2169
2169
2169
2169
2169
2168
2168
2168
2168
2168
2153
2153
2153
2153
2153
2175
2175
2175
2175
2175
2175
2175
2175
2175
2175
2175
2177
2177
2177
2177
2177
2182
2182
2182
2182
2182
2182
2188
2188
2188
2188
2188
2209
2209
2209
2209
2209
2210
2210
2210
2210
2210
2210
2224
2224
2224
2224
2224
2232
2232
2232
2232
2232
2228
2228
2228
2228
2228
2228
2231
2231
2231
2231
2231
2253
2253
2253
2253
2253
2246
2246
2246
2246
2246
2246
2245
2245
2245
2245
2245
2255
2255
2255
2255
2255
2249
2249
2249
2249
2249
2249
2248
2248
2248
2248
2248
2244
2244
2244
2244
2244
2271
2271
2271
2271
2271
2271
2247
2247
2247
2247
2247
2261
2261
2261
2261
2261
2275
2275
2275
2275
2275
2275
2267
2267
2267
2267
2267
2271
2271
2271
2271
2271
2277
2277
2277
2277
2277
2277
2294
2294
2294
2294
2294
2305
2305
2305
2305
2305
2318
2318
2318
2318
2318
2318
2321
2321
2321
2321
2321
2330
2330
2330
2330
2330
2345
2345
2345
2345
2345
2345
2338
2338
2338
2338
2338
2351
2351
2351
2351
2351
2350
2350
2350
2350
2350
2350
2327
2327
2327
2327
2327
2347
2347
2347
2347
2347
2356
2356
2356
2356
2356
2356
2356
2356
2356
2356
2356
2355
2355
2355
2355
2355
2372
2372
2372
2372
2372
2372
2378
2378
2378
2378
2378
2396
2396
2396
2396
2396
2409
2409
2409
2409
2409
2409
2435
2435
2435
2435
2435
2453
2453
2453
2453
2453
2458
2458
2458
2458
2458
2458
2474
2474
2474
2474
2474
2482
2482
2482
2482
2482
2497
2497
2497
2497
2497
2497
2504
2504
2504
2504
2504
2522
2522
2522
2522
2522
2538
2538
2538
2538
2538
2538
2553
2553
2553
2553
2553
2543
2543
2543
2543
2543
2567
2567
2567
2567
2567
2567
2572
2572
2572
2572
2572
2562
2562
2562
2562
2562
2576
2576
2576
2576
2576
2576
2572
2572
2572
2572
2572
2589
2589
2589
2589
2589
2601
2601
2601
2601
2601
2601
2612
2612
2612
2612
2612
2612
2612
2612
2612
2612
2625
2625
2625
2625
2625
2625
2641
2641
2641
2641
2641
2665
2665
2665
2665
2665
2669
2669
2669
2669
2669
2669
2678
2678
2678
2678
2678
2691
2691
2691
2691
2691
2690
2690
2690
2690
2690
2690
2695
2695
2695
2695
2695
2688
2688
2688
2688
2688
2698
2698
2698
2698
2698
2698
2703
2703
2703
2703
2703
2693
2693
2693
2693
2693
2714
2714
2714
2714
2714
2714
2715
2715
2715
2715
2715
2711
2711
2711
2711
2711
2725
2725
2725
2725
2725
2725
2720
2720
2720
2720
2720
2727
2727
2727
2727
2727
2719
2719
2719
2719
2719
2719
2733
2733
2733
2733
2733
2732
2732
2732
2732
2732
2731
2731
2731
2731
2731
2731
2739
2739
2739
2739
2739
2743
2743
2743
2743
2743
2742
2742
2742
2742
2742
2742
2750
2750
2750
2750
2750
2737
2737
2737
2737
2737
2743
2743
2743
2743
2743
2743
2726
2726
2726
2726
2726
2722
2722
2722
2722
2722
2717
2717
2717
2717
2717
2717
2730
2730
2730
2730
2730
2722
2722
2722
2722
2722
2702
2702
2702
2702
2702
2702
2723
2723
2723
2723
2723
2734
2734
2734
2734
2734
2721
2721
2721
2721
2721
2721
2725
2725
2725
2725
2725
2725
2725
2725
2725
2725
2738