2308
2308
2308
2305
2305
2305
2305
2305
2257
2257
2257
2257
2257
2294
2294
2294
2294
2294
2294
2307
2307
2307
2307
2307
2348
2348
2348
2348
2348
2312
2312
2312
2312
2312
2312
2389
2389
2389
2389
2389
2293
2293
2293
2293
2293
2313
2313
2313
2313
2313
2313
2361
2361
2361
2361
2361
2286
2286
2286
2286
2286
2330
2330
2330
2330
2330
2330
2307
2307
2307
2307
2307
2344
2344
2344
2344
2344
2297
2297
2297
2297
2297
2297
2261
2261
2261
2261
2261
2256
2256
2256
2256
2256
2240
2240
2240
2240
2240
2240
2256
2256
2256
2256
2256
2320
2320
2320
2320
2320
2308
2308
2308
2308
2308
2308
2282
2282
2282
2282
2282
2295
2295
2295
2295
2295
2314
2314
2314
2314
2314
2314
2356
2356
2356
2356
2356
2297
2297
2297
2297
2297
2363
2363
2363
2363
2363
2363
2357
2357
2357
2357
2357
2387
2387
2387
2387
2387
2366
2366
2366
2366
2366
2366
2345
2345
2345
2345
2345
2343
2343
2343
2343
2343
2331
2331
2331
2331
2331
2331
2320
2320
2320
2320
2320
2336
2336
2336
2336
2336
2286
2286
2286
2286
2286
2286
2354
2354
2354
2354
2354
2294
2294
2294
2294
2294
2314
2314
2314
2314
2314
2314
2246
2246
2246
2246
2246
2302
2302
2302
2302
2302
2245
2245
2245
2245
2245
2245
2303
2303
2303
2303
2303
2286
2286
2286
2286
2286
2308
2308
2308
2308
2308
2308
2297
2297
2297
2297
2297
2317
2317
2317
2317
2317
2301
2301
2301
2301
2301
2301
2317
2317
2317
2317
2317
2313
2313
2313
2313
2313
2311
2311
2311
2311
2311
2311
2348
2348
2348
2348
2348
2358
2358
2358
2358
2358
2326
2326
2326
2326
2326
2326
2356
2356
2356
2356
2356
2305
2305
2305
2305
2305
2345
2345
2345
2345
2345
2345
2320
2320
2320
2320
2320
2392
2392
2392
2392
2392
2379
2379
2379
2379
2379
2379
2401
2401
2401
2401
2401
2411
2411
2411
2411
2411
2470
2470
2470
2470
2470
2470
2447
2447
2447
2447
2447
2473
2473
2473
2473
2473
2469
2469
2469
2469
2469
2469
2550
2550
2550
2550
2550
2537
2537
2537
2537
2537
2583
2583
2583
2583
2583
2583
2608
2608
2608
2608
2608
2646
2646
2646
2646
2646
2657
2657
2657
2657
2657
2657
2643
2643
2643
2643
2643
2709
2709
2709
2709
2709
2745
2745
2745
2745
2745
2745
2776
2776
2776
2776
2776
2799
2799
2799
2799
2799
2879
2879
2879
2879
2879
2879
2857
2857
2857
2857
2857
2896
2896
2896
2896
2896
2900
2900
2900
2900
2900
2900
2959
2959
2959
2959
2959
3004
3004
3004
3004
3004
3003
3003
3003
3003
3003
3003
3019
3019
3019
3019
3019
3053
3053
3053
3053
3053
3041
3041
3041
3041
3041
3041
3035
3035
3035
3035
3035
3012
3012
3012
3012
3012
3039
3039
3039
3039
3039
3039
3035
3035
3035
3035
3035
3079
3079
3079
3079
3079
3119
3119
3119
3119
3119
3119
3104
3104
3104
3104
3104
3153
3153
3153
3153
3153
3158
3158
3158
3158
3158
3158
3143
3143
3143
3143
3143
3195
3195
3195
3195
3195
3180
3180
3180
3180
3180
3180
3179
3179
3179
3179
3179
3242
3242
3242
3242
3242
3295
3295
3295
3295
3295
3295
3219
3219
3219
3219
3219
3239
3239
3239
3239
3239
3269
3269
3269
3269
3269
3269
3257
3257
3257
3257
3257
3332
3332
3332
3332
3332
3277
3277
3277
3277
3277
3277
3309
3309
3309
3309
3309
3336
3336
3336
3336
3336
3297
3297
3297
3297
3297
3297
3352
3352
3352
3352
3352
3301
3301
3301
3301
3301
3345
3345
3345
3345
3345
3345
3380
3380
3380
3380
3380
3387
3387
3387
3387
3387
3396
3396
3396
3396
3396
3396
3443
3443
3443
3443
3443
3436
3436
3436
3436
3436
3475
3475
3475
3475
3475
3475
3545
3545
3545
3545
3545
3451
3451
3451
3451
3451
3534
3534
3534
3534
3534
3534
3500
3500
3500
3500
3500
3573
3573
3573
3573
3573
3511
3511
3511
3511
3511
3511
3569
3569
3569
3569
3569
3570
3570
3570
3570
3570
3578
3578
3578
3578
3578
3578
3612
3612
3612
3612
3612
3646
3646
3646
3646
3646
3620
3620
3620
3620
3620
3620
3644
3644
3644
3644
3644
3624
3624
3624
3624
3624
3668
3668
3668
3668
3668
3668
3672
3672
3672
3672
3672
3671
3671
3671
3671
3671
3709
3709
3709
3709
3709
3709
3705
3705
3705
3705
3705
3701
3701
3701
3701
3701
3737
3737
3737
3737
3737
3737
3697
3697
3697
3697
3697
3668
3668
3668
3668
3668
3692
3692
3692
3692
3692
3692
3663
3663
3663
3663
3663
3674
3674
3674
3674
3674
3665
3665
3665
3665
3665
3665
3708
3708
3708
3708
3708
3643
3643
3643
3643
3643
3732
3732
3732
3732
3732
3732
3733
3733
3733
3733
3733
3709
3709
3709
3709
3709
3721
3721
3721
3721
3721
3721
3678
3678
3678
3678
3678
3687
3687
3687
3687
3687
3646
3646
3646
3646
3646
3646
3623
3623
3623
3623
3623
3703
3703
3703
3703
3703
3632
3632
3632
3632
3632
3632
3656
3656
3656
3656
3656
3637
3637
3637
3637
3637
3647
3647
3647
3647
3647
3647
3611
3611
3611
3611
3611
3589
3589
3589
3589
3589
3595
3595
3595
3595
3595
3595
3591
3591
3591
3591
3591
3565
3565
3565
3565
3565
3550
3550
3550
3550
3550
3550
3624
3624
3624
3624
3624
3526
3526
3526
3526
3526
3553
3553
3553
3553
3553
3553
3542
3542
3542
3542
3542
3507
3507
3507
3507
3507
3493
3493
3493
3493
3493
3493
3484
3484
3484
3484
3484
3441
3441
3441
3441
3441
3436
3436
3436
3436
3436
3436
3415
3415
3415
3415
3415
3370
3370
3370
3370
3370
3314
3314
3314
3314
3314
3314
3281
3281
3281
3281
3281
3309
3309
3309
3309
3309
3267
3267
3267
3267
3267
3267
3209
3209
3209
3209
3209
3256
3256
3256
3256
3256
3242
3242
3242
3242
3242
3242
3185
3185
3185
3185
3185
3177
3177
3177
3177
3177
3153
3153
3153
3153
3153
3153
3151
3151
3151
3151
3151
3116
3116
3116
3116
3116
3113
3113
3113
3113
3113
3113
3045
3045
3045
3045
3045
3037
3037
3037
3037
3037
2990
2990
2990
2990
2990
2990
2978
2978
2978
2978
2978
2929
2929
2929
2929
2929
2924
2924
2924
2924
2924
2924
2909
2909
2909
2909
2909
2878
2878
2878
2878
2878
2885
2885
2885
2885
2885
2885
2851
2851
2851
2851
2851
2857
2857
2857
2857
2857
2853
2853
2853
2853
2853
2853
2843
2843
2843
2843
2843
2774
2774
2774
2774
2774
2795
2795
2795
2795
2795
2795
2765
2765
2765
2765
2765
2745
2745
2745
2745
2745
2757
2757
2757
2757
2757
2757
2759
2759
2759
2759
2759
2722
2722
2722
2722
2722
2722
2722
2722
2722
2722
2722
2656
2656
2656
2656
2656
2655
2655
2655
2655
2655
2617
2617
2617
2617
2617
2617
2617
2617
2617
2617
2617
2625
2625
2625
2625
2625
2549
2549
2549
2549
2549
2549
2501
2501
2501
2501
2501
2510
2510
2510
2510
2510
2489
2489
2489
2489
2489
2489
2445
2445
2445
2445
2445
2467
2467
2467
2467
2467
2459
2459
2459
2459
2459
2459
2432
2432
2432
2432
2432
2455
2455
2455
2455
2455
2401
2401
2401
2401
2401
2401
2386
2386
2386
2386
2386
2325
2325
2325
2325
2325
2316
2316
2316
2316
2316
2316
2236
2236
2236
2236
2236
2225
2225
2225
2225
2225
2174
2174
2174
2174
2174
2174
2147
2147
2147
2147
2147
2127
2127
2127
2127
2127
2081
2081
2081
2081
2081
2081
2071
2071
2071
2071
2071
2062
2062
2062
2062
2062
2035
2035
2035
2035
2035
2035
2017
2017
2017
2017
2017
2011
2011
2011
2011
2011
2017
2017
2017
2017
2017
2017
1998
1998
1998
1998
1998
1981
1981
1981
1981
1981
1963
1963
1963
1963
1963
1963
1990
1990
1990
1990
1990
1943
1943
1943
1943
1943
1990
1990
1990
1990
1990
1990
1899
1899
1899
1899
1899
1931
1931
1931
1931
1931
1872
1872
1872
1872
1872
1872
1931
1931
1931
1931
1931
1890
1890
1890
1890
1890
1929
1929
1929
1929
1929
1929
1872
1872
1872
1872
1872
1940
1940
1940
1940
1940
1908
1908
1908
1908
1908
1908
1933
1933
1933
1933
1933
1928
1928
1928
1928
1928
1980
1980
1980
1980
1980
1980
1957
1957
1957
1957
1957
1980
1980
1980
1980
1980
1998
1998
1998
1998
1998
1998
2030
2030
2030
2030
2030
2032
2032
2032
2032
2032
2033
2033
2033
2033
2033
2033
2074
2074
2074
2074
2074
2050
2050
2050
2050
2050
2128
2128
2128
2128
2128
2128
2111
2111
2111
2111
2111
2125
2125
2125
2125
2125
2157
2157
2157
2157
2157
2157
2114
2114
2114
2114
2114
2136
2136
2136
2136
2136
2169
2169
2169
2169
2169
2169
2155
2155
2155
2155
2155
2149
2149
2149
2149
2149
2153
2153
2153
2153
2153
2153
2193
2193
2193
2193
2193
2248
2248
2248
2248
2248
2217
2217
2217
2217
2217
2217
2224
2224
2224
2224
2224
2311
2311
2311
2311
2311
2244
2244
2244
2244
2244
2244
2338
2338
2338
2338
2338
2323
2323
2323
2323
2323
2363
2363
2363
2363
2363
2363
2371
2371
2371
2371
2371
2330
2330
2330
2330
2330
2344
2344
2344
2344
2344
2344
2324
2324
2324
2324
2324
2359
2359
2359
2359
2359
2343
2343
2343
2343
2343
2343
2360
2360
2360
2360
2360
2368
2368
2368
2368
2368
2356
2356
2356
2356
2356
2356
2390
2390
2390
2390
2390
2404
2404
2404
2404
2404
2435
2435
2435
2435
2435
2435
2423
2423
2423
2423
2423
2446
2446
2446
2446
2446
2459
2459
2459
2459
2459
2459
2515
2515
2515
2515
2515
2540
2540
2540
2540
2540
2563
2563
2563
2563
2563
2563
2579
2579
2579
2579
2579
2622
2622
2622
2622
2622
2676
2676
2676
2676
2676
2676
2628
2628
2628
2628
2628
2680
2680
2680
2680
2680
2629
2629
2629
2629
2629
2629
2680
2680
2680
2680
2680
2696
2696
2696
2696
2696
2676
2676
2676
2676
2676
2676
2744
2744
2744
2744
2744
2759
2759
2759
2759
2759
2822
2822
2822
2822
2822
2822
2751
2751
2751
2751
2751
2877
2877
2877
2877
2877
2887
2887
2887
2887
2887
2887
2942
2942
2942
2942
2942
2970
2970
2970
2970
2970
2950
2950
2950
2950
2950
2950
2983
2983
2983
2983
2983
2978
2978
2978
2978
2978
3026
3026
3026
3026
3026
3026
3041
3041
3041
3041
3041
3054
3054
3054
3054
3054
3112
3112
3112
3112
3112
3112
3154
3154
3154
3154
3154
3170
3170
3170
3170
3170
3113
3113
3113
3113
3113
3113
3194
3194
3194
3194
3194
3124
3124
3124
3124
3124
3170
3170
3170
3170
3170
3170
3122
3122
3122
3122
3122
3151
3151
3151
3151
3151
3126
3126
3126
3126
3126
3126
3141
3141
3141
3141
3141
3226
3226
3226
3226
3226
3209
3209
3209
3209
3209
3209
3241
3241
3241
3241
3241
3242
3242
3242
3242
3242
3290
3290
3290
3290
3290
3290
3269
3269
3269
3269
3269
3272
3272
3272
3272
3272
3336
3336
3336
3336
3336
3336
3344
3344
3344
3344
3344
3360
3360
3360
3360
3360
3321
3321
3321
3321
3321
3321
3364
3364
3364
3364
3364
3347
3347
3347
3347
3347
3310
3310
3310
3310
3310
3310
3313
3313
3313
3313
3313
3337
3337
3337
3337
3337
3321
3321
3321
3321
3321
3321
3310
3310
3310
3310
3310
3279
3279
3279
3279
3279
3334
3334
3334
3334
3334
3334
3312
3312
3312
3312
3312
3296
3296
3296
3296
3296
3362
3362
3362
3362
3362
3362
3359
3359
3359
3359
3359
3349
3349
3349
3349
3349
3414
3414
3414
3414
3414
3414
3357
3357
3357
3357
3357
3389
3389
3389
3389
3389
3435
3435
3435
3435
3435
3435
3389
3389
3389
3389
3389
3368
3368
3368
3368
3368
3441
3441
3441
3441
3441
3441
3337
3337
3337
3337
3337
3319
3319
3319
3319
3319
3321
3321
3321
3321
3321
3321
3316
3316
3316
3316
3316
3346
3346
3346
3346
3346
3256
3256
3256
3256
3256
3256
3295
3295
3295
3295
3295
3332
3332
3332
3332
3332
3289
3289
3289
3289
3289
3289
3241
3241
3241
3241
3241
3270
3270
3270
3270
3270
3314
3314
3314
3314
3314
3314
3274
3274
3274
3274
3274
3300
3300
3300
3300
3300
3363
3363
3363
3363
3363
3363
3304
3304
3304
3304
3304
3301
3301
3301
3301
3301
3268
3268
3268
3268
3268
3268
3288
3288
3288
3288
3288
3205
3205
3205
3205
3205
3222
3222
3222
3222
3222
3222
3207
3207
3207
3207
3207
3186
3186
3186
3186
3186
3128
3128
3128
3128
3128
3128
3130
3130
3130
3130
3130
3168
3168
3168
3168
3168
3127
3127
3127
3127
3127
3127
3107
3107
3107
3107
3107
3086
3086
3086
3086
3086
3151
3151
3151
3151
3151
3151
3067
3067
3067
3067
3067
3095
3095
3095
3095
3095
3072
3072
3072
3072
3072
3072
3087
3087
3087
3087
3087
3100
3100
3100
3100
3100
3058
3058
3058
3058
3058
3058
3106
3106
3106
3106
3106
3031
3031
3031
3031
3031
3042
3042
3042
3042
3042
3042
2966
2966
2966
2966
2966
2936
2936
2936
2936
2936
2971
2971
2971
2971
2971
2971
2905
2905
2905
2905
2905
2917
2917
2917
2917
2917
2831
2831
2831
2831
2831
2831
2811
2811
2811
2811
2811
2773
2773
2773
2773
2773
2722
2722
2722
2722
2722
2722
2788
2788
2788
2788
2788
2752
2752
2752
2752
2752
2760
2760
2760
2760
2760
2760
2722
2722
2722
2722
2722
2734
2734
2734
2734
2734
2680
2680
2680
2680
2680
2680
2636
2636
2636
2636
2636
2678
2678
2678
2678
2678
2592
2592
2592
2592
2592
2592
2638
2638
2638
2638
2638
2545
2545
2545
2545
2545
2581
2581
2581
2581
2581
2581
2471
2471
2471
2471
2471
2493
2493
2493
2493
2493
2465
2465
2465
2465
2465
2465
2458
2458
2458
2458
2458
2393
2393
2393
2393
2393
2305
2305
2305
2305
2305
2305
2330
2330
2330
2330
2330
2278
2278
2278
2278
2278
2237
2237
2237
2237
2237
2237
2184
2184
2184
2184
2184
2276
2276
2276
2276
2276
2210
2210
2210
2210
2210
2210
2225
2225
2225
2225
2225
2244
2244
2244
2244
2244
2209
2209
2209
2209
2209
2209
2191
2191
2191
2191
2191
2207
2207
2207
2207
2207
2234
2234
2234
2234
2234
2234
2188
2188
2188
2188
2188
2141
2141
2141
2141
2141
2148
2148
2148
2148
2148
2148
2120
2120
2120
2120
2120
2152
2152
2152
2152
2152
2112
2112
2112
2112
2112
2112
2110
2110
2110
2110
2110
2065
2065
2065
2065
2065
2098
2098
2098
2098
2098
2098
2091
2091
2091
2091
2091
2069
2069
2069
2069
2069
2092
2092
2092
2092
2092
2092
2048
2048
2048
2048
2048
2075
2075
2075
2075
2075
2113
2113
2113
2113
2113
2113
2055
2055
2055
2055
2055
2083
2083
2083
2083
2083
2081
2081
2081
2081
2081
2081
2106
2106
2106
2106
2106
2076
2076
2076
2076
2076
2103
2103
2103
2103
2103
2103
2078
2078
2078
2078
2078
2092
2092
2092
2092
2092
2107
2107
2107
2107
2107
2107
2120
2120
2120
2120
2120
2107
2107
2107
2107
2107
2092
2092
2092
2092
2092
2092
2104
2104
2104
2104
2104
2078
2078
2078
2078
2078
2062
2062
2062
2062
2062
2062
2085
2085
2085
2085
2085
2127
2127
2127
2127
2127
2149
2149
2149
2149
2149
2149
2113
2113
2113
2113
2113
2100
2100
2100
2100
2100
2088
2088
2088
2088
2088
2088
2097
2097
2097
2097
2097
2085
2085
2085
2085
2085
2126
2126
2126
2126
2126
2126
2160
2160
2160
2160
2160
2147
2147
2147
2147
2147
2192
2192
2192
2192
2192
2192
2214
2214
2214
2214
2214
2187
2187
2187
2187
2187
2230
2230
2230
2230
2230
2230
2194
2194
2194
2194
2194
2207
2207
2207
2207
2207
2181
2181
2181
2181
2181
2181
2215
2215
2215
2215
2215
2200
2200
2200
2200
2200
2253
2253
2253
2253
2253
2253
2271
2271
2271
2271
2271
2280
2280
2280
2280
2280
2306
2306
2306
2306
2306
2306
2292
2292
2292
2292
2292
2318
2318
2318
2318
2318
2345
2345
2345
2345
2345
2345
2335
2335
2335
2335
2335
2359
2359
2359
2359
2359
2431
2431
2431
2431
2431
2431
2448
2448
2448
2448
2448
2437
2437
2437
2437
2437
2459
2459
2459
2459
2459
2459
2479
2479
2479
2479
2479
2503
2503
2503
2503
2503
2568
2568
2568
2568
2568
2568
2531
2531
2531
2531
2531
2547
2547
2547
2547
2547
2542
2542
2542
2542
2542
2542
2545
2545
2545
2545
2545
2544
2544
2544
2544
2544
2521
2521
2521
2521
2521
2521
2466
2466
2466
2466
2466
2566
2566
2566
2566
2566
2597
2597
2597
2597
2597
2597
2578
2578
2578
2578
2578
2613
2613
2613
2613
2613
2631
2631
2631
2631
2631
2631
2619
2619
2619
2619
2619
2671
2671
2671
2671
2671
2630
2630
2630
2630
2630
2630
2686
2686
2686
2686
2686
2696
2696
2696
2696
2696
2691
2691
2691
2691
2691
2691
2688
2688
2688
2688
2688
2684
2684
2684
2684
2684
2651
2651
2651
2651
2651
2651
2702
2702
2702
2702
2702
2643
2643
2643
2643
2643
2664
2664
2664
2664
2664
2664
2647
2647
2647
2647
2647
2647
2647
2647
2647
2647
2632
2632
2632
2632
2632
2632
2598
2598
2598
2598
2598
2672
2672
2672
2672
2672
2647
2647
2647
2647
2647
2647
2677
2677
2677
2677
2677
2698
2698
2698
2698
2698
2697
2697
2697
2697
2697
2697
2719
2719
2719
2719
2719
2753
2753
2753
2753
2753
2762
2762
2762
2762
2762
2762
2724
2724
2724
2724
2724
2760
2760
2760
2760
2760
2777
2777
2777
2777
2777
2777
2800
2800
2800
2800
2800
2800
2800
2800
2800
2800
2807
2807
2807
2807
2807
2807
2786
2786
2786
2786
2786
2823
2823
2823
2823
2823
2869
2869
2869
2869
2869
2869
2846
2846
2846
2846
2846
2839
2839
2839
2839
2839
2827
2827
2827
2827
2827
2827
2810
2810
2810
2810
2810
2934
2934
2934
2934
2934
2905
2905
2905
2905
2905
2905
2939
2939
2939
2939
2939
2990
2990
2990
2990
2990
2948
2948
2948
2948
2948
2948
3048
3048
3048
3048
3048
3020
3020
3020
3020
3020
3020
3020
3020
3020
3020
3020
3053
3053
3053
3053
3053
3079
3079
3079
3079
3079
2967
2967
2967
2967
2967
2967
2984
2984
2984
2984
2984
3038
3038
3038
3038
3038
3084
3084
3084
3084
3084
3084
3118
3118
3118
3118
3118
3097
3097
3097
3097
3097
3097
3097
3097
3097
3097
3097
3105
3105
3105
3105
3105
3065
3065
3065
3065
3065
3135
3135
3135
3135
3135
3135
3124
3124
3124
3124
3124
3143
3143
3143
3143
3143
3141
3141
3141
3141
3141
3141
3182
3182
3182
3182
3182
3158
3158
3158
3158
3158
3195
3195
3195
3195
3195
3195
3201
3201
3201
3201
3201
3213
3213
3213
3213
3213
3209
3209
3209
3209
3209
3209
3214
3214
3214
3214
3214
3225
3225
3225
3225
3225
3213
3213
3213
3213
3213
3213
3141
3141
3141
3141
3141
3180
3180
3180
3180
3180
3180
3180
3180
3180
3180
3180
3171
3171
3171
3171
3171
3154
3154
3154
3154
3154
3155
3155
3155
3155
3155
3155
3121
3121
3121
3121
3121
3185
3185
3185
3185
3185
3208
3208
3208
3208
3208
3208
3194
3194
3194
3194
3194
3216
3216
3216
3216
3216
3328
3328
3328
3328
3328
3328
3300
3300
3300
3300
3300
3276
3276
3276
3276
3276
3348
3348
3348
3348
3348
3348
3316
3316
3316
3316
3316
3299
3299
3299
3299
3299
3361
3361
3361
3361
3361
3361
3307
3307
3307
3307
3307
3333
3333
3333
3333
3333
3239
3239
3239
3239
3239
3239
3288
3288
3288
3288
3288
3228
3228
3228
3228
3228
3230
3230
3230
3230
3230
3230
3219
3219
3219
3219
3219
3247
3247
3247
3247
3247
3244
3244
3244
3244
3244
3244
3156
3156
3156
3156
3156
3247
3247
3247
3247
3247
3194
3194
3194
3194
3194
3194
3247
3247
3247
3247
3247
3188
3188
3188
3188
3188
3161
3161
3161
3161
3161
3161
3165
3165
3165
3165
3165
3131
3131
3131
3131
3131
3133
3133
3133
3133
3133
3133
3054
3054
3054
3054
3054
3075
3075
3075
3075
3075
3051
3051
3051
3051
3051
3051
3067
3067
3067
3067
3067
2986
2986
2986
2986
2986
3012
3012
3012
3012
3012
3012
2951
2951
2951
2951
2951
2959
2959
2959
2959
2959
2906
2906
2906
2906
2906
2906
2904
2904
2904
2904
2904
2826
2826
2826
2826
2826
2806
2806
2806
2806
2806
2806
2829
2829
2829
2829
2829
2767
2767
2767
2767
2767
2737
2737
2737
2737
2737
2737
2732
2732
2732
2732
2732
2731
2731
2731
2731
2731
2752
2752
2752
2752
2752
2752
2745
2745
2745
2745
2745
2680
2680
2680
2680
2680
2684
2684
2684
2684
2684
2684
2669
2669
2669
2669
2669
2635
2635
2635
2635
2635
2634
2634
2634
2634
2634
2634
2609
2609
2609
2609
2609
2624
2624
2624
2624
2624
2603
2603
2603
2603
2603
2603
2611
2611
2611
2611
2611
2621
2621
2621
2621
2621
2605
2605
2605
2605
2605
2605
2622
2622
2622
2622
2622
2594
2594
2594
2594
2594
2585
2585
2585
2585
2585
2585
2583
2583
2583
2583
2583
2585
2585
2585
2585
2585
2589
2589
2589
2589
2589
2589
2554
2554
2554
2554
2554
2579
2579
2579
2579
2579
2543
2543
2543
2543
2543
2543
2577
2577
2577
2577
2577
2563
2563
2563
2563
2563
2570
2570
2570
2570
2570
2570
2559
2559
2559
2559
2559
2550
2550
2550
2550
2550
2568
2568
2568
2568
2568
2568
2563
2563
2563
2563
2563
2577
2577
2577
2577
2577
2564
2564
2564
2564
2564
2564
2556
2556
2556
2556
2556
2529
2529
2529
2529
2529
2576
2576
2576
2576
2576
2576
2561
2561
2561
2561
2561
2576
2576
2576
2576
2576
2588
2588
2588
2588
2588
2588
2593
2593
2593
2593
2593
2594
2594
2594
2594
2594
2552
2552
2552
2552
2552
2552
2550
2550
2550
2550
2550
2549
2549
2549
2549
2549
2557
2557
2557
2557
2557
2557
2557
2557
2557
2557
2557
2534
2534
2534
2534
2534
2568
2568
2568
2568
2568
2568
2589
2589
2589
2589
2589
2601
2601
2601
2601
2601
2584
2584
2584
2584
2584
2584
2607
2607
2607
2607
2607
2604
2604
2604
2604
2604
2622
2622
2622
2622
2622
2622
2631
2631
2631
2631
2631
2654
2654
2654
2654
2654
2677
2677
2677
2677
2677
2677
2655
2655
2655
2655
2655
2702
2702
2702
2702
2702
2729
2729
2729
2729
2729
2729
2694
2694
2694
2694
2694
2712
2712
2712
2712
2712
2718
2718
2718
2718
2718
2718
2703
2703
2703
2703
2703
2678
2678
2678
2678
2678
2686
2686
2686
2686
2686
2686
2679
2679
2679
2679
2679
2711
2711
2711
2711
2711
2682
2682
2682
2682
2682
2682
2711
2711
2711
2711
2711
2729
2729
2729
2729
2729
2699
2699
2699
2699
2699
2699
2695
2695
2695
2695
2695
2717
2717
2717
2717
2717
2725
2725
2725
2725
2725
2725
2722
2722
2722
2722
2722
2733
2733
2733
2733
2733
2724
2724
2724
2724
2724
2724
2737
2737
2737
2737
2737
2690
2690
2690
2690
2690
2711
2711
2711
2711
2711
2711
2697
2697
2697
2697
2697
2696
2696
2696
2696
2696
2702
2702
2702
2702
2702
2702
2650
2650
2650
2650
2650
2660
2660
2660
2660
2660
2664
2664
2664
2664
2664
2664
2674
2674
2674
2674
2674
2661
2661
2661
2661
2661
2658
2658
2658
2658
2658
2658
2653
2653
2653
2653
2653
2672
2672
2672
2672
2672
2673
2673
2673
2673
2673
2673
2652
2652
2652
2652
2652
2654
2654
2654
2654
2654
2678
2678
2678
2678
2678
2678
2659
2659
2659
2659
2659
2654
2654
2654
2654
2654
2667
2667
2667
2667
2667
2667
2660
2660
2660
2660
2660
2700
2700
2700
2700
2700
2681
2681
2681
2681
2681
2681
2662
2662
2662
2662
2662
2698
2698
2698
2698
2698
2724
2724
2724
2724
2724
2724
2733
2733
2733
2733
2733
2700
2700
2700
2700
2700
2757
2757
2757
2757
2757
2757
2761
2761
2761
2761
2761
2778
2778
2778
2778
2778
2790
2790
2790
2790
2790
2790
2758
2758
2758
2758
2758
2769
2769
2769
2769
2769
2770
2770
2770
2770
2770
2770
2802
2802
2802
2802
2802
2792
2792
2792
2792
2792
2818
2818
2818
2818
2818
2818
2787
2787
2787
2787
2787
2855
2855
2855
2855
2855
2791
2791
2791
2791
2791
2791
2862
2862
2862
2862
2862
2820
2820
2820
2820
2820
2826
2826
2826
2826
2826
2826
2850
2850
2850
2850
2850
2818
2818
2818
2818
2818
2853
2853
2853
2853
2853
2853
2857
2857
2857
2857
2857
2882
2882
2882
2882
2882
2857
2857
2857
2857
2857
2857
2849
2849
2849
2849
2849
2858
2858
2858
2858
2858
2863
2863
2863
2863
2863
2863
2838
2838
2838
2838
2838
2865
2865
2865
2865
2865
2818
2818
2818
2818
2818
2818
2828
2828
2828
2828
2828
2819
2819
2819
2819
2819
2857
2857
2857
2857
2857
2857
2836
2836
2836
2836
2836
2831
2831
2831
2831
2831
2852
2852
2852
2852
2852
2852
2850
2850
2850
2850
2850
2878
2878
2878
2878
2878
2942
2942
2942
2942
2942
2942
2880
2880
2880
2880
2880
2943
2943
2943
2943
2943
2923
2923
2923
2923
2923
2923
2951
2951
2951
2951
2951
2957
2957
2957
2957
2957
2965
2965
2965
2965
2965
2965
3055
3055
3055
3055
3055
3033
3033
3033
3033
3033
3065
3065
3065
3065
3065
3065
3041
3041
3041
3041
3041
3092
3092
3092
3092
3092
3124
3124
3124
3124
3124
3124
3100
3100
3100
3100
3100
3148
3148
3148
3148
3148
3172
3172
3172
3172
3172
3172
3175
3175
3175
3175
3175
3171
3171
3171
3171
3171
3189
3189
3189
3189
3189
3189
3184
3184
3184
3184
3184
3231
3231
3231
3231
3231
3205
3205
3205
3205
3205
3205
3242
3242
3242
3242
3242
3259
3259
3259
3259
3259
3217
3217
3217
3217
3217
3217
3275
3275
3275
3275
3275
3225
3225
3225
3225
3225
3275
3275
3275
3275
3275
3275
3217
3217
3217
3217
3217
3261
3261
3261
3261
3261
3203
3203
3203
3203
3203
3203
3225
3225
3225
3225
3225
3181
3181
3181
3181
3181
3179
3179
3179
3179
3179
3179
3165
3165
3165
3165
3165
3143
3143
3143
3143
3143
3168
3168
3168
3168
3168
3168
3066
3066
3066
3066
3066
3103
3103
3103
3103
3103
3057
3057
3057
3057
3057
3057
3058
3058
3058
3058
3058
3025
3025
3025
3025
3025
2986
2986
2986
2986
2986
2986
2950
2950
2950
2950
2950
2943
2943
2943
2943
2943
2971
2971
2971
2971
2971
2971
2886
2886
2886
2886
2886
2887
2887
2887
2887
2887
2880
2880
2880
2880
2880
2880
2856
2856
2856
2856
2856
2829
2829
2829
2829
2829
2796
2796
2796
2796
2796
2796
2825
2825
2825
2825
2825
2752
2752
2752
2752
2752
2760
2760
2760
2760
2760
2760
2811
2811
2811
2811
2811
2766
2766
2766
2766
2766
2754
2754
2754
2754
2754
2754
2746
2746
2746
2746
2746
2750
2750
2750
2750
2750
2706
2706
2706
2706
2706
2706
2674
2674
2674
2674
2674
2671
2671
2671
2671
2671
2644
2644
2644
2644
2644
2644
2651
2651
2651
2651
2651
2669
2669
2669
2669
2669
2635
2635
2635
2635
2635
2635
2734
2734
2734
2734
2734
2629
2629
2629
2629
2629
2636
2636
2636
2636
2636
2636
2632
2632
2632
2632
2632
2637
2637
2637
2637
2637
2622
2622
2622
2622
2622
2622
2587
2587
2587
2587
2587
2587
2587
2587
2587
2587
2620
2620
2620
2620
2620
2620
2583
2583
2583
2583
2583
2577
2577
2577
2577
2577
2599
2599
2599
2599
2599
2599
2605
2605
2605
2605
2605
2543
2543
2543
2543
2543
2566
2566
2566
2566
2566
2566
2531
2531
2531
2531
2531
2544
2544
2544
2544
2544
2513
2513
2513
2513
2513
2513
2550
2550
2550
2550
2550
2462
2462
2462
2462
2462
2441
2441
2441
2441
2441
2441
2465
2465
2465
2465
2465
2445
2445
2445
2445
2445
2413
2413
2413
2413
2413
2413
2458
2458
2458
2458
2458
2417
2417
2417
2417
2417
2399
2399
2399
2399
2399
2399
2397
2397
2397
2397
2397
2359
2359
2359
2359
2359
2375
2375
2375
2375
2375
2375
2393
2393
2393
2393
2393
2309
2309
2309
2309
2309
2361
2361
2361
2361
2361
2361
2336
2336
2336
2336
2336
2391
2391
2391
2391
2391
2380
2380
2380
2380
2380
2380
2399
2399
2399
2399
2399
2343
2343
2343
2343
2343
2340
2340
2340
2340
2340
2340
2341
2341
2341
2341
2341
2323
2323
2323
2323
2323
2396
2396
2396
2396
2396
2396
2346
2346
2346
2346
2346
2380
2380
2380
2380
2380
2354
2354
2354
2354
2354
2354
2331
2331
2331
2331
2331
2354
2354
2354
2354
2354
2354
2354
2354
2354
2354
2354
2397
2397
2397
2397
2397
2393
2393
2393
2393
2393
2373
2373
2373
2373
2373
2373
2368
2368
2368
2368
2368
2420
2420
2420
2420
2420
2340
2340
2340
2340
2340
2340
2385
2385
2385
2385
2385
2376
2376
2376
2376
2376
2381
2381
2381
2381
2381
2381
2383
2383
2383
2383
2383
2446
2446
2446
2446
2446
2408
2408
2408
2408
2408
2408
2383
2383
2383
2383
2383
2413
2413
2413
2413
2413
2391
2391
2391
2391
2391
2391
2410
2410
2410
2410
2410
2435
2435
2435
2435
2435
2392
2392
2392
2392
2392
2392
2469
2469
2469
2469
2469
2439
2439
2439
2439
2439
2423
2423
2423
2423
2423
2423
2388
2388
2388
2388
2388
2386
2386
2386
2386
2386
2377
2377
2377
2377
2377
2377
2350
2350
2350
2350
2350
2399
2399
2399
2399
2399
2310
2310
2310
2310
2310
2310
2432
2432
2432
2432
2432
2321
2321
2321
2321
2321
2384
2384
2384
2384
2384
2384
2324
2324
2324
2324