2642
2642
2614
2614
2614
2614
2614
2614
2612
2612
2612
2612
2612
2603
2603
2603
2603
2603
2613
2613
2613
2613
2613
2613
2595
2595
2595
2595
2595
2579
2579
2579
2579
2579
2591
2591
2591
2591
2591
2591
2583
2583
2583
2583
2583
2581
2581
2581
2581
2581
2599
2599
2599
2599
2599
2599
2593
2593
2593
2593
2593
2598
2598
2598
2598
2598
2585
2585
2585
2585
2585
2585
2605
2605
2605
2605
2605
2610
2610
2610
2610
2610
2598
2598
2598
2598
2598
2598
2602
2602
2602
2602
2602
2606
2606
2606
2606
2606
2594
2594
2594
2594
2594
2594
2603
2603
2603
2603
2603
2591
2591
2591
2591
2591
2578
2578
2578
2578
2578
2578
2585
2585
2585
2585
2585
2576
2576
2576
2576
2576
2569
2569
2569
2569
2569
2569
2570
2570
2570
2570
2570
2552
2552
2552
2552
2552
2541
2541
2541
2541
2541
2541
2536
2536
2536
2536
2536
2537
2537
2537
2537
2537
2537
2537
2537
2537
2537
2537
2572
2572
2572
2572
2572
2600
2600
2600
2600
2600
2644
2644
2644
2644
2644
2644
2695
2695
2695
2695
2695
2755
2755
2755
2755
2755
2804
2804
2804
2804
2804
2804
2838
2838
2838
2838
2838
2853
2853
2853
2853
2853
2846
2846
2846
2846
2846
2846
2801
2801
2801
2801
2801
2749
2749
2749
2749
2749
2666
2666
2666
2666
2666
2666
2587
2587
2587
2587
2587
2511
2511
2511
2511
2511
2453
2453
2453
2453
2453
2453
2406
2406
2406
2406
2406
2375
2375
2375
2375
2375
2359
2359
2359
2359
2359
2359
2369
2369
2369
2369
2369
2375
2375
2375
2375
2375
2397
2397
2397
2397
2397
2397
2424
2424
2424
2424
2424
2446
2446
2446
2446
2446
2476
2476
2476
2476
2476
2476
2516
2516
2516
2516
2516
2545
2545
2545
2545
2545
2596
2596
2596
2596
2596
2596
2605
2605
2605
2605
2605
2618
2618
2618
2618
2618
2624
2624
2624
2624
2624
2624
2581
2581
2581
2581
2581
2526
2526
2526
2526
2526
2467
2467
2467
2467
2467
2467
2400
2400
2400
2400
2400
2325
2325
2325
2325
2325
2264
2264
2264
2264
2264
2264
2219
2219
2219
2219
2219
2183
2183
2183
2183
2183
2181
2181
2181
2181
2181
2181
2197
2197
2197
2197
2197
2236
2236
2236
2236
2236
2287
2287
2287
2287
2287
2287
2344
2344
2344
2344
2344
2395
2395
2395
2395
2395
2445
2445
2445
2445
2445
2445
2464
2464
2464
2464
2464
2477
2477
2477
2477
2477
2476
2476
2476
2476
2476
2476
2436
2436
2436
2436
2436
2392
2392
2392
2392
2392
2372
2372
2372
2372
2372
2372
2323
2323
2323
2323
2323
2297
2297
2297
2297
2297
2282
2282
2282
2282
2282
2282
2299
2299
2299
2299
2299
2309
2309
2309
2309
2309
2332
2332
2332
2332
2332
2332
2366
2366
2366
2366
2366
2387
2387
2387
2387
2387
2411
2411
2411
2411
2411
2411
2409
2409
2409
2409
2409
2423
2423
2423
2423
2423
2423
2423
2423
2423
2423
2423
2417
2417
2417
2417
2417
2432
2432
2432
2432
2432
2449
2449
2449
2449
2449
2449
2484
2484
2484
2484
2484
2511
2511
2511
2511
2511
2547
2547
2547
2547
2547
2547
2565
2565
2565
2565
2565
2583
2583
2583
2583
2583
2607
2607
2607
2607
2607
2607
2602
2602
2602
2602
2602
2569
2569
2569
2569
2569
2537
2537
2537
2537
2537
2537
2492
2492
2492
2492
2492
2443
2443
2443
2443
2443
2413
2413
2413
2413
2413
2413
2377
2377
2377
2377
2377
2343
2343
2343
2343
2343
2309
2309
2309
2309
2309
2309
2278
2278
2278
2278
2278
2248
2248
2248
2248
2248
2220
2220
2220
2220
2220
2220
2224
2224
2224
2224
2224
2256
2256
2256
2256
2256
2281
2281
2281
2281
2281
2281
2333
2333
2333
2333
2333
2368
2368
2368
2368
2368
2414
2414
2414
2414
2414
2414
2451
2451
2451
2451
2451
2457
2457
2457
2457
2457
2479
2479
2479
2479
2479
2479
2479
2479
2479
2479
2479
2456
2456
2456
2456
2456
2458
2458
2458
2458
2458
2458
2447
2447
2447
2447
2447
2455
2455
2455
2455
2455
2481
2481
2481
2481
2481
2481
2548
2548
2548
2548
2548
2692
2692
2692
2692
2692
2822
2822
2822
2822
2822
2822
2967
2967
2967
2967
2967
3117
3117
3117
3117
3117
3215
3215
3215
3215
3215
3215
3266
3266
3266
3266
3266
3281
3281
3281
3281
3281
3238
3238
3238
3238
3238
3238
3145
3145
3145
3145
3145
3026
3026
3026
3026
3026
2918
2918
2918
2918
2918
2918
2797
2797
2797
2797
2797
2673
2673
2673
2673
2673
2560
2560
2560
2560
2560
2560
2463
2463
2463
2463
2463
2368
2368
2368
2368
2368
2322
2322
2322
2322
2322
2322
2287
2287
2287
2287
2287
2260
2260
2260
2260
2260
2262
2262
2262
2262
2262
2262
2276
2276
2276
2276
2276
2293
2293
2293
2293
2293
2354
2354
2354
2354
2354
2354
2414
2414
2414
2414
2414
2488
2488
2488
2488
2488
2554
2554
2554
2554
2554
2554
2645
2645
2645
2645
2645
2699
2699
2699
2699
2699
2725
2725
2725
2725
2725
2725
2743
2743
2743
2743
2743
2707
2707
2707
2707
2707
2664
2664
2664
2664
2664
2664
2596
2596
2596
2596
2596
2543
2543
2543
2543
2543
2481
2481
2481
2481
2481
2481
2472
2472
2472
2472
2472
2497
2497
2497
2497
2497
2542
2542
2542
2542
2542
2542
2638
2638
2638
2638
2638
2748
2748
2748
2748
2748
2836
2836
2836
2836
2836
2836
2918
2918
2918
2918
2918
2965
2965
2965
2965
2965
2961
2961
2961
2961
2961
2961
2949
2949
2949
2949
2949
2887
2887
2887
2887
2887
2813
2813
2813
2813
2813
2813
2739
2739
2739
2739
2739
2644
2644
2644
2644
2644
2555
2555
2555
2555
2555
2555
2482
2482
2482
2482
2482
2403
2403
2403
2403
2403
2357
2357
2357
2357
2357
2357
2322
2322
2322
2322
2322
2333
2333
2333
2333
2333
2366
2366
2366
2366
2366
2366
2418
2418
2418
2418
2418
2506
2506
2506
2506
2506
2599
2599
2599
2599
2599
2599
2691
2691
2691
2691
2691
2753
2753
2753
2753
2753
2796
2796
2796
2796
2796
2796
2779
2779
2779
2779
2779
2727
2727
2727
2727
2727
2658
2658
2658
2658
2658
2658
2552
2552
2552
2552
2552
2466
2466
2466
2466
2466
2356
2356
2356
2356
2356
2356
2269
2269
2269
2269
2269
2216
2216
2216
2216
2216
2173
2173
2173
2173
2173
2173
2163
2163
2163
2163
2163
2206
2206
2206
2206
2206
2271
2271
2271
2271
2271
2271
2352
2352
2352
2352
2352
2476
2476
2476
2476
2476
2632
2632
2632
2632
2632
2632
2758
2758
2758
2758
2758
2857
2857
2857
2857
2857
2893
2893
2893
2893
2893
2893
2924
2924
2924
2924
2924
2879
2879
2879
2879
2879
2811
2811
2811
2811
2811
2811
2744
2744
2744
2744
2744
2682
2682
2682
2682
2682
2644
2644
2644
2644
2644
2644
2641
2641
2641
2641
2641
2669
2669
2669
2669
2669
2743
2743
2743
2743
2743
2743
2854
2854
2854
2854
2854
2964
2964
2964
2964
2964
3053
3053
3053
3053
3053
3053
3110
3110
3110
3110
3110
3181
3181
3181
3181
3181
3226
3226
3226
3226
3226
3226
3253
3253
3253
3253
3253
3279
3279
3279
3279
3279
3296
3296
3296
3296
3296
3296
3314
3314
3314
3314
3314
3324
3324
3324
3324
3324
3308
3308
3308
3308
3308
3308
3304
3304
3304
3304
3304
3271
3271
3271
3271
3271
3200
3200
3200
3200
3200
3200
3135
3135
3135
3135
3135
3055
3055
3055
3055
3055
3003
3003
3003
3003
3003
3003
2921
2921
2921
2921
2921
2878
2878
2878
2878
2878
2842
2842
2842
2842
2842
2842
2811
2811
2811
2811
2811
2788
2788
2788
2788
2788
2754
2754
2754
2754
2754
2754
2721
2721
2721
2721
2721
2689
2689
2689
2689
2689
2635
2635
2635
2635
2635
2635
2584
2584
2584
2584
2584
2540
2540
2540
2540
2540
2523
2523
2523
2523
2523
2523
2499
2499
2499
2499
2499
2493
2493
2493
2493
2493
2479
2479
2479
2479
2479
2479
2467
2467
2467
2467
2467
2468
2468
2468
2468
2468
2474
2474
2474
2474
2474
2474
2476
2476
2476
2476
2476
2458
2458
2458
2458
2458
2446
2446
2446
2446
2446
2446
2421
2421
2421
2421
2421
2404
2404
2404
2404
2404
2398
2398
2398
2398
2398
2398
2385
2385
2385
2385
2385
2377
2377
2377
2377
2377
2403
2403
2403
2403
2403
2403
2399
2399
2399
2399
2399
2398
2398
2398
2398
2398
2399
2399
2399
2399
2399
2399
2378
2378
2378
2378
2378
2362
2362
2362
2362
2362
2322
2322
2322
2322
2322
2322
2306
2306
2306
2306
2306
2252
2252
2252
2252
2252
2233
2233
2233
2233
2233
2233
2210
2210
2210
2210
2210
2216
2216
2216
2216
2216
2248
2248
2248
2248
2248
2248
2267
2267
2267
2267
2267
2297
2297
2297
2297
2297
2332
2332
2332
2332
2332
2332
2359
2359
2359
2359
2359
2368
2368
2368
2368
2368
2392
2392
2392
2392
2392
2392
2413
2413
2413
2413
2413
2436
2436
2436
2436
2436
2482
2482
2482
2482
2482
2482
2533
2533
2533
2533
2533
2564
2564
2564
2564
2564
2617
2617
2617
2617
2617
2617
2649
2649
2649
2649
2649
2687
2687
2687
2687
2687
2722
2722
2722
2722
2722
2722
2735
2735
2735
2735
2735
2729
2729
2729
2729
2729
2735
2735
2735
2735
2735
2735
2720
2720
2720
2720
2720
2726
2726
2726
2726
2726
2712
2712
2712
2712
2712
2712
2700
2700
2700
2700
2700
2684
2684
2684
2684
2684
2695
2695
2695
2695
2695
2695
2698
2698
2698
2698
2698
2676
2676
2676
2676
2676
2665
2665
2665
2665
2665
2665
2667
2667
2667
2667
2667
2659
2659
2659
2659
2659
2659
2659
2659
2659
2659
2659
2680
2680
2680
2680
2680
2691
2691
2691
2691
2691
2709
2709
2709
2709
2709
2709
2721
2721
2721
2721
2721
2714
2714
2714
2714
2714
2690
2690
2690
2690
2690
2690
2639
2639
2639
2639
2639
2611
2611
2611
2611
2611
2558
2558
2558
2558
2558
2558
2522
2522
2522
2522
2522
2497
2497
2497
2497
2497
2487
2487
2487
2487
2487
2487
2497
2497
2497
2497
2497
2509
2509
2509
2509
2509
2523
2523
2523
2523
2523
2523
2564
2564
2564
2564
2564
2592
2592
2592
2592
2592
2629
2629
2629
2629
2629
2629
2683
2683
2683
2683
2683
2691
2691
2691
2691
2691
2679
2679
2679
2679
2679
2679
2647
2647
2647
2647
2647
2628
2628
2628
2628
2628
2588
2588
2588
2588
2588
2588
2552
2552
2552
2552
2552
2549
2549
2549
2549
2549
2559
2559
2559
2559
2559
2559
2579
2579
2579
2579
2579
2591
2591
2591
2591
2591
2641
2641
2641
2641
2641
2641
2681
2681
2681
2681
2681
2724
2724
2724
2724
2724
2770
2770
2770
2770
2770
2770
2789
2789
2789
2789
2789
2794
2794
2794
2794
2794
2784
2784
2784
2784
2784
2784
2801
2801
2801
2801
2801
2789
2789
2789
2789
2789
2792
2792
2792
2792
2792
2792
2776
2776
2776
2776
2776
2791
2791
2791
2791
2791
2786
2786
2786
2786
2786
2786
2791
2791
2791
2791
2791
2813
2813
2813
2813
2813
2803
2803
2803
2803
2803
2803
2797
2797
2797
2797
2797
2785
2785
2785
2785
2785
2778
2778
2778
2778
2778
2778
2774
2774
2774
2774
2774
2763
2763
2763
2763
2763
2775
2775
2775
2775
2775
2775
2786
2786
2786
2786
2786
2793
2793
2793
2793
2793
2818
2818
2818
2818
2818
2818
2849
2849
2849
2849
2849
2878
2878
2878
2878
2878
2893
2893
2893
2893
2893
2893
2892
2892
2892
2892
2892
2910
2910
2910
2910
2910
2892
2892
2892
2892
2892
2892
2870
2870
2870
2870
2870
2837
2837
2837
2837
2837
2798
2798
2798
2798
2798
2798
2742
2742
2742
2742
2742
2678
2678
2678
2678
2678
2627
2627
2627
2627
2627
2627
2576
2576
2576
2576
2576
2534
2534
2534
2534
2534
2517
2517
2517
2517
2517
2517
2529
2529
2529
2529
2529
2548
2548
2548
2548
2548
2576
2576
2576
2576
2576
2576
2627
2627
2627
2627
2627
2649
2649
2649
2649
2649
2659
2659
2659
2659
2659
2659
2665
2665
2665
2665
2665
2651
2651
2651
2651
2651
2626
2626
2626
2626
2626
2626
2578
2578
2578
2578
2578
2532
2532
2532
2532
2532
2472
2472
2472
2472
2472
2472
2423
2423
2423
2423
2423
2397
2397
2397
2397
2397
2388
2388
2388
2388
2388
2388
2396
2396
2396
2396
2396
2415
2415
2415
2415
2415
2457
2457
2457
2457
2457
2457
2507
2507
2507
2507
2507
2546
2546
2546
2546
2546
2578
2578
2578
2578
2578
2578
2604
2604
2604
2604
2604
2612
2612
2612
2612
2612
2591
2591
2591
2591
2591
2591
2566
2566
2566
2566
2566
2548
2548
2548
2548
2548
2501
2501
2501
2501
2501
2501
2466
2466
2466
2466
2466
2449
2449
2449
2449
2449
2433
2433
2433
2433
2433
2433
2429
2429
2429
2429
2429
2440
2440
2440
2440
2440
2465
2465
2465
2465
2465
2465
2508
2508
2508
2508
2508
2539
2539
2539
2539
2539
2587
2587
2587
2587
2587
2587
2631
2631
2631
2631
2631
2682
2682
2682
2682
2682
2699
2699
2699
2699
2699
2699
2711
2711
2711
2711
2711
2725
2725
2725
2725
2725
2707
2707
2707
2707
2707
2707
2703
2703
2703
2703
2703
2688
2688
2688
2688
2688
2668
2668
2668
2668
2668
2668
2652
2652
2652
2652
2652
2645
2645
2645
2645
2645
2646
2646
2646
2646
2646
2646
2660
2660
2660
2660
2660
2685
2685
2685
2685
2685
2732
2732
2732
2732
2732
2732
2750
2750
2750
2750
2750
2789
2789
2789
2789
2789
2816
2816
2816
2816
2816
2816
2821
2821
2821
2821
2821
2810
2810
2810
2810
2810
2783
2783
2783
2783
2783
2783
2760
2760
2760
2760
2760
2721
2721
2721
2721
2721
2683
2683
2683
2683
2683
2683
2661
2661
2661
2661
2661
2662
2662
2662
2662
2662
2654
2654
2654
2654
2654
2654
2675
2675
2675
2675
2675
2692
2692
2692
2692
2692
2713
2713
2713
2713
2713
2713
2720
2720
2720
2720
2720
2734
2734
2734
2734
2734
2734
2734
2734
2734
2734
2734
2729
2729
2729
2729
2729
2714
2714
2714
2714
2714
2706
2706
2706
2706
2706
2706
2694
2694
2694
2694
2694
2670
2670
2670
2670
2670
2652
2652
2652
2652
2652
2652
2653
2653
2653
2653
2653
2646
2646
2646
2646
2646
2622
2622
2622
2622
2622
2622
2619
2619
2619
2619
2619
2605
2605
2605
2605
2605
2577
2577
2577
2577
2577
2577
2571
2571
2571
2571
2571
2578
2578
2578
2578
2578
2575
2575
2575
2575
2575
2575
2573
2573
2573
2573
2573
2601
2601
2601
2601
2601
2600
2600
2600
2600
2600
2600
2604
2604
2604
2604
2604
2597
2597
2597
2597
2597
2601
2601
2601
2601
2601
2601
2587
2587
2587
2587
2587
2575
2575
2575
2575
2575
2556
2556
2556
2556
2556
2556
2568
2568
2568
2568
2568
2562
2562
2562
2562
2562
2560
2560
2560
2560
2560
2560
2581
2581
2581
2581
2581
2601
2601
2601
2601
2601
2610
2610
2610
2610
2610
2610
2611
2611
2611
2611
2611
2629
2629
2629
2629
2629
2616
2616
2616
2616
2616
2616
2601
2601
2601
2601
2601
2615
2615
2615
2615
2615
2618
2618
2618
2618
2618
2618
2620
2620
2620
2620
2620
2639
2639
2639
2639
2639
2648
2648
2648
2648
2648
2648
2652
2652
2652
2652
2652
2683
2683
2683
2683
2683
2689
2689
2689
2689
2689
2689
2703
2703
2703
2703
2703
2707
2707
2707
2707
2707
2697
2697
2697
2697
2697
2697
2715
2715
2715
2715
2715
2716
2716
2716
2716
2716
2731
2731
2731
2731
2731
2731
2714
2714
2714
2714
2714
2734
2734
2734
2734
2734
2738
2738
2738
2738
2738
2738
2710
2710
2710
2710
2710
2714
2714
2714
2714
2714
2701
2701
2701
2701
2701
2701
2696
2696
2696
2696
2696
2697
2697
2697
2697
2697
2695
2695
2695
2695
2695
2695
2713
2713
2713
2713
2713
2734
2734
2734
2734
2734
2749
2749
2749
2749
2749
2749
2776
2776
2776
2776
2776
2809
2809
2809
2809
2809
2819
2819
2819
2819
2819
2819
2828
2828
2828
2828
2828
2819
2819
2819
2819
2819
2813
2813
2813
2813
2813
2813
2789
2789
2789
2789
2789
2763
2763
2763
2763
2763
2739
2739
2739
2739
2739
2739
2727
2727
2727
2727
2727
2712
2712
2712
2712
2712
2695
2695
2695
2695
2695
2695
2669
2669
2669
2669
2669
2654
2654
2654
2654
2654
2649
2649
2649
2649
2649
2649
2644
2644
2644
2644
2644
2625
2625
2625
2625
2625
2617
2617
2617
2617
2617
2617
2618
2618
2618
2618
2618
2606
2606
2606
2606
2606
2602
2602
2602
2602
2602
2602
2610
2610
2610
2610
2610
2615
2615
2615
2615
2615
2610
2610
2610
2610
2610
2610
2595
2595
2595
2595
2595
2602
2602
2602
2602
2602
2575
2575
2575
2575
2575
2575
2574
2574
2574
2574
2574
2576
2576
2576
2576
2576
2560
2560
2560
2560
2560
2560
2565
2565
2565
2565
2565
2566
2566
2566
2566
2566
2576
2576
2576
2576
2576
2576
2584
2584
2584
2584
2584
2598
2598
2598
2598
2598
2608
2608
2608
2608
2608
2608
2602
2602
2602
2602
2602
2603
2603
2603
2603
2603
2599
2599
2599
2599
2599
2599
2589
2589
2589
2589
2589
2588
2588
2588
2588
2588
2572
2572
2572
2572
2572
2572
2572
2572
2572
2572
2572
2573
2573
2573
2573
2573
2581
2581
2581
2581
2581
2581
2583
2583
2583
2583
2583
2604
2604
2604
2604
2604
2600
2600
2600
2600
2600
2600
2600
2600
2600
2600
2600
2621
2621
2621
2621
2621
2636
2636
2636
2636
2636
2636
2646
2646
2646
2646
2646
2682
2682
2682
2682
2682
2714
2714
2714
2714
2714
2714
2735
2735
2735
2735
2735
2735
2735
2735
2735
2735
2748
2748
2748
2748
2748
2748
2772
2772
2772
2772
2772
2777
2777
2777
2777
2777
2770
2770
2770
2770
2770
2770
2773
2773
2773
2773
2773
2767
2767
2767
2767
2767
2741
2741
2741
2741
2741
2741
2738
2738
2738
2738
2738
2733
2733
2733
2733
2733
2732
2732
2732
2732
2732
2732
2713
2713
2713
2713
2713
2728
2728
2728
2728
2728
2724
2724
2724
2724
2724
2724
2727
2727
2727
2727
2727
2723
2723
2723
2723
2723
2745
2745
2745
2745
2745
2745
2726
2726
2726
2726
2726
2703
2703
2703
2703
2703
2706
2706
2706
2706
2706
2706
2692
2692
2692
2692
2692
2683
2683
2683
2683
2683
2662
2662
2662
2662
2662
2662
2671
2671
2671
2671
2671
2669
2669
2669
2669
2669
2664
2664
2664
2664
2664
2664
2649
2649
2649
2649
2649
2654
2654
2654
2654
2654
2643
2643
2643
2643
2643
2643
2632
2632
2632
2632
2632
2612
2612
2612
2612
2612
2620
2620
2620
2620
2620
2620
2601
2601
2601
2601
2601
2589
2589
2589
2589
2589
2586
2586
2586
2586
2586
2586
2584
2584
2584
2584
2584
2580
2580
2580
2580
2580
2579
2579
2579
2579
2579
2579
2580
2580
2580
2580
2580
2579
2579
2579
2579
2579
2564
2564
2564
2564
2564
2564
2571
2571
2571
2571
2571
2565
2565
2565
2565
2565
2550
2550
2550
2550
2550
2550
2559
2559
2559
2559
2559
2574
2574
2574
2574
2574
2572
2572
2572
2572
2572
2572
2595
2595
2595
2595
2595
2630
2630
2630
2630
2630
2634
2634
2634
2634
2634
2634
2649
2649
2649
2649
2649
2648
2648
2648
2648
2648
2660
2660
2660
2660
2660
2660
2656
2656
2656
2656
2656
2655
2655
2655
2655
2655
2666
2666
2666
2666
2666
2666
2658
2658
2658
2658
2658
2666
2666
2666
2666
2666
2667
2667
2667
2667
2667
2667
2698
2698
2698
2698
2698
2693
2693
2693
2693
2693
2710
2710
2710
2710
2710
2710
2720
2720
2720
2720
2720
2721
2721
2721
2721
2721
2740
2740
2740
2740
2740
2740
2737
2737
2737
2737
2737
2745
2745
2745
2745
2745
2754
2754
2754
2754
2754
2754
2756
2756
2756
2756
2756
2743
2743
2743
2743
2743
2744
2744
2744
2744
2744
2744
2727
2727
2727
2727
2727
2717
2717
2717
2717
2717
2712
2712
2712
2712
2712
2712
2697
2697
2697
2697
2697
2676
2676
2676
2676
2676
2676
2676
2676
2676
2676
2676
2701
2701
2701
2701
2701
2702
2702
2702
2702
2702
2712
2712
2712
2712
2712
2712
2730
2730
2730
2730
2730
2723
2723
2723
2723
2723
2714
2714
2714
2714
2714
2714
2709
2709
2709
2709
2709
2712
2712
2712
2712
2712
2680
2680
2680
2680
2680
2680
2676
2676
2676
2676
2676
2661
2661
2661
2661
2661
2656
2656
2656
2656
2656
2656
2655
2655
2655
2655
2655
2647
2647
2647
2647
2647
2643
2643
2643
2643
2643
2643
2660
2660
2660
2660
2660
2665
2665
2665
2665
2665
2673
2673
2673
2673
2673
2673
2676
2676
2676
2676
2676
2695
2695
2695
2695
2695
2677
2677
2677
2677
2677
2677
2669
2669
2669
2669
2669
2676
2676
2676
2676
2676
2634
2634
2634
2634
2634
2634
2636
2636
2636
2636
2636
2618
2618
2618
2618
2618
2616
2616
2616
2616
2616
2616
2603
2603
2603
2603
2603
2591
2591
2591
2591
2591
2610
2610
2610
2610
2610
2610
2606
2606
2606
2606
2606
2612
2612
2612
2612
2612
2642
2642
2642
2642
2642
2642
2660
2660
2660
2660
2660
2658
2658
2658
2658
2658
2664
2664
2664
2664
2664
2664
2679
2679
2679
2679
2679
2682
2682
2682
2682
2682
2662
2662
2662
2662
2662
2662
2662
2662
2662
2662
2662
2666
2666
2666
2666
2666
2677
2677
2677
2677
2677
2677
2692
2692
2692
2692
2692
2696
2696
2696
2696
2696
2713
2713
2713
2713
2713
2713
2729
2729
2729
2729
2729
2714
2714
2714
2714
2714
2729
2729
2729
2729
2729
2729
2735
2735
2735
2735
2735
2728
2728
2728
2728
2728
2746
2746
2746
2746
2746
2746
2736
2736
2736
2736
2736
2742
2742
2742
2742
2742
2744
2744
2744
2744
2744
2744
2757
2757
2757
2757
2757
2778
2778
2778
2778
2778
2775
2775
2775
2775
2775
2775
2794
2794
2794
2794
2794
2795
2795
2795
2795
2795
2800
2800
2800
2800
2800
2800
2786
2786
2786
2786
2786
2808
2808
2808
2808
2808
2808
2808
2808
2808
2808
2808
2802
2802
2802
2802
2802
2778
2778
2778
2778
2778
2792
2792
2792
2792
2792
2792
2774
2774
2774
2774
2774
2755
2755
2755
2755
2755
2761
2761
2761
2761
2761
2761
2760
2760
2760
2760
2760
2747
2747
2747
2747
2747
2757
2757
2757
2757
2757
2757
2764
2764
2764
2764
2764
2760
2760
2760
2760
2760
2754
2754
2754
2754
2754
2754
2759
2759
2759
2759
2759
2772
2772
2772
2772
2772
2781
2781
2781
2781
2781
2781
2777
2777
2777
2777
2777
2761
2761
2761
2761
2761
2773
2773
2773
2773
2773
2773
2757
2757
2757
2757
2757
2762
2762
2762
2762
2762
2770
2770
2770
2770
2770
2770
2777
2777
2777
2777
2777
2782
2782
2782
2782
2782
2787
2787
2787
2787
2787
2787
2795
2795
2795
2795
2795
2785
2785
2785
2785
2785
2798
2798
2798
2798
2798
2798
2793
2793
2793
2793
2793
2803
2803
2803
2803
2803
2807
2807
2807
2807
2807
2807
2815
2815
2815
2815
2815
2818
2818
2818
2818
2818
2816
2816
2816
2816
2816
2816
2818
2818
2818
2818
2818
2836
2836
2836
2836
2836
2851
2851
2851
2851
2851
2851
2862
2862
2862
2862
2862
2845
2845
2845
2845
2845
2859
2859
2859
2859
2859
2859
2861
2861
2861
2861
2861
2848
2848
2848
2848
2848
2851
2851
2851
2851
2851
2851
2846
2846
2846
2846
2846
2854
2854
2854
2854
2854
2856
2856
2856
2856
2856
2856
2853
2853
2853
2853
2853
2846
2846
2846
2846
2846
2841
2841
2841
2841
2841
2841
2828
2828
2828
2828
2828
2836
2836
2836
2836
2836
2831
2831
2831
2831
2831
2831
2810
2810
2810
2810
2810
2821
2821
2821
2821
2821
2826
2826
2826
2826
2826
2826
2822
2822
2822
2822
2822
2801
2801
2801
2801
2801
2818
2818
2818
2818
2818
2818
2808
2808
2808
2808
2808
2802
2802
2802
2802
2802
2797
2797
2797
2797
2797
2797
2795
2795
2795
2795
2795
2770
2770
2770
2770
2770
2761
2761
2761
2761
2761
2761
2759
2759
2759
2759
2759
2745
2745
2745
2745
2745
2756
2756
2756
2756
2756
2756
2773
2773
2773
2773
2773
2767
2767
2767
2767
2767
2766
2766
2766
2766
2766
2766
2785
2785
2785
2785
2785
2789
2789
2789
2789
2789
2805
2805
2805
2805
2805
2805
2804
2804
2804
2804
2804
2801
2801
2801
2801
2801
2795
2795
2795
2795
2795
2795
2806
2806
2806
2806
2806
2785
2785
2785
2785
2785
2806
2806
2806
2806
2806
2806
2802
2802
2802
2802
2802
2804
2804
2804
2804
2804
2782
2782
2782
2782
2782
2782
2799
2799
2799
2799
2799
2798
2798
2798
2798
2798
2789
2789
2789
2789
2789
2789
2800
2800
2800
2800
2800
2808
2808
2808
2808
2808
2810
2810
2810
2810
2810
2810
2821
2821
2821
2821
2821
2829
2829
2829
2829
2829
2827
2827
2827
2827
2827
2827
2832
2832
2832
2832
2832
2833
2833
2833
2833
2833
2847
2847
2847
2847
2847
2847
2849
2849
2849
2849
2849
2830
2830
2830
2830
2830
2830
2830
2830
2830
2830
2830
2806
2806
2806
2806
2806
2786
2786
2786
2786
2786
2760
2760
2760
2760
2760
2760
2748
2748
2748
2748
2748
2724
2724
2724
2724
2724
2703
2703
2703
2703
2703
2703
2716
2716
2716
2716
2716
2722
2722
2722
2722
2722
2722
2722
2722
2722
2722
2722
2732
2732
2732
2732
2732
2755
2755
2755
2755
2755
2753
2753
2753
2753
2753
2753
2764
2764
2764
2764
2764
2772
2772
2772
2772
2772
2779
2779
2779
2779
2779
2779
2783
2783
2783
2783
2783
2771
2771
2771
2771
2771
2761
2761
2761
2761
2761
2761
2767
2767
2767
2767
2767
2751
2751
2751
2751
2751
2752
2752
2752
2752
2752
2752
2755
2755
2755
2755
2755
2754
2754
2754
2754
2754
2775
2775
2775
2775
2775
2775
2761
2761
2761
2761
2761
2798
2798
2798
2798
2798
2813
2813
2813
2813
2813
2813
2821
2821
2821
2821
2821
2856
2856
2856
2856
2856
2854
2854
2854
2854
2854
2854
2883
2883
2883
2883
2883
2885
2885
2885
2885
2885
2895
2895
2895
2895
2895
2895
2893
2893
2893
2893
2893
2898
2898
2898
2898
2898
2895
2895
2895
2895
2895
2895
2905
2905
2905
2905
2905
2891
2891
2891
2891
2891
2878
2878
2878
2878
2878
2878
2895
2895
2895
2895
2895
2885
2885
2885
2885
2885
2878
2878
2878
2878
2878
2878
2885
2885
2885
2885
2885
2887
2887
2887
2887
2887
2893
2893
2893
2893
2893
2893
2883
2883
2883
2883
2883
2917
2917
2917
2917
2917
2920
2920
2920
2920
2920
2920
2924
2924
2924
2924
2924
2924
2924
2924
2924
2924
2937
2937
2937
2937
2937
2937
2929
2929
2929
2929
2929
2924
2924
2924
2924
2924
2935
2935
2935
2935
2935
2935
2891
2891
2891
2891
2891
2887
2887
2887
2887
2887
2851
2851
2851
2851
2851
2851
2842
2842
2842
2842
2842
2796
2796
2796
2796
2796
2780
2780
2780
2780
2780
2780
2756
2756
2756
2756
2756
2736
2736
2736
2736
2736
2706
2706
2706
2706
2706
2706
2701
2701
2701
2701
2701
2702
2702
2702
2702
2702
2689
2689
2689
2689
2689
2689
2692
2692
2692
2692
2692
2703
2703
2703
2703
2703
2709
2709
2709
2709
2709
2709
2705
2705
2705
2705
2705
2704
2704
2704
2704
2704
2715
2715
2715
2715
2715
2715
2698
2698
2698
2698
2698
2700
2700
2700
2700
2700
2671
2671
2671
2671
2671
2671
2657
2657
2657
2657
2657
2650
2650
2650
2650
2650
2643
2643
2643
2643
2643
2643
2640
2640
2640
2640
2640
2647
2647
2647
2647
2647
2652
2652
2652
2652
2652
2652
2659
2659
2659
2659
2659
2681
2681
2681
2681
2681
2683
2683
2683
2683
2683
2683
2682
2682
2682
2682
2682
2686
2686
2686
2686
2686
2688
2688
2688
2688
2688
2688
2696
2696
2696
2696
2696
2694
2694
2694
2694
2694
2692
2692
2692
2692
2692
2692
2680
2680
2680
2680
2680
2688
2688
2688
2688
2688
2676
2676
2676
2676
2676
2676
2690
2690
2690
2690
2690
2686
2686
2686
2686
2686
2672
2672
2672
2672
2672
2672
2658
2658
2658
2658
2658
2651
2651
2651
2651
2651
2629
2629
2629
2629
2629
2629
2604
2604
2604
2604
2604
2610
2610
2610
2610
2610
2586
2586
2586
2586
2586
2586
2565
2565
2565
2565
2565
2552
2552
2552
2552
2552
2544
2544
2544
2544
2544
2544
2550
2550
2550
2550
2550
2524
2524
2524
2524
2524
2543
2543
2543
2543
2543
2543
2549
2549
2549
2549
2549
2566
2566
2566
2566
2566
2567
2567
2567
2567
2567
2567
2617
2617
2617
2617
2617
2618
2618
2618
2618
2618
2646
2646
2646
2646
2646
2646
2682
2682
2682
2682
2682
2694
2694
2694
2694
2694
2700
2700
2700
2700
2700
2700
2703
2703
2703
2703
2703
2697
2697
2697
2697
2697
2692
2692
2692
2692
2692
2692
2671
2671
2671
2671
2671
2665
2665
2665
2665
2665
2650
2650
2650
2650
2650
2650
2635
2635
2635
2635
2635
2634
2634
2634
2634
2634
2635
2635
2635
2635
2635
2635
2646
2646
2646
2646
2646
2641
2641
2641
2641
2641
2636
2636
2636
2636
2636
2636
2656
2656
2656
2656
2656
2647
2647
2647
2647
2647
2619
2619
2619
2619
2619
2619
2614
2614
2614
2614
2614
2593
2593
2593
2593
2593
2570
2570
2570
2570
2570
2570
2559
2559
2559
2559
2559
2556
2556
2556
2556
2556
2541
2541
2541
2541
2541
2541
2534
2534
2534
2534
2534
2547
2547
2547
2547
2547
2559
2559
2559
2559