2355
2355
2355
2365
2365
2365
2365
2365
2360
2360
2360
2360
2360
2370
2370
2370
2370
2370
2370
2376
2376
2376
2376
2376
2385
2385
2385
2385
2385
2381
2381
2381
2381
2381
2381
2384
2384
2384
2384
2384
2386
2386
2386
2386
2386
2372
2372
2372
2372
2372
2372
2383
2383
2383
2383
2383
2387
2387
2387
2387
2387
2378
2378
2378
2378
2378
2378
2386
2386
2386
2386
2386
2392
2392
2392
2392
2392
2388
2388
2388
2388
2388
2388
2392
2392
2392
2392
2392
2392
2392
2392
2392
2392
2404
2404
2404
2404
2404
2404
2400
2400
2400
2400
2400
2393
2393
2393
2393
2393
2409
2409
2409
2409
2409
2409
2418
2418
2418
2418
2418
2406
2406
2406
2406
2406
2392
2392
2392
2392
2392
2392
2393
2393
2393
2393
2393
2395
2395
2395
2395
2395
2386
2386
2386
2386
2386
2386
2392
2392
2392
2392
2392
2415
2415
2415
2415
2415
2420
2420
2420
2420
2420
2420
2441
2441
2441
2441
2441
2450
2450
2450
2450
2450
2471
2471
2471
2471
2471
2471
2477
2477
2477
2477
2477
2479
2479
2479
2479
2479
2489
2489
2489
2489
2489
2489
2501
2501
2501
2501
2501
2493
2493
2493
2493
2493
2502
2502
2502
2502
2502
2502
2523
2523
2523
2523
2523
2535
2535
2535
2535
2535
2544
2544
2544
2544
2544
2544
2567
2567
2567
2567
2567
2577
2577
2577
2577
2577
2575
2575
2575
2575
2575
2575
2568
2568
2568
2568
2568
2562
2562
2562
2562
2562
2567
2567
2567
2567
2567
2567
2548
2548
2548
2548
2548
2544
2544
2544
2544
2544
2553
2553
2553
2553
2553
2553
2557
2557
2557
2557
2557
2568
2568
2568
2568
2568
2582
2582
2582
2582
2582
2582
2621
2621
2621
2621
2621
2639
2639
2639
2639
2639
2652
2652
2652
2652
2652
2652
2682
2682
2682
2682
2682
2693
2693
2693
2693
2693
2692
2692
2692
2692
2692
2692
2686
2686
2686
2686
2686
2696
2696
2696
2696
2696
2696
2696
2696
2696
2696
2696
2711
2711
2711
2711
2711
2716
2716
2716
2716
2716
2718
2718
2718
2718
2718
2718
2696
2696
2696
2696
2696
2687
2687
2687
2687
2687
2664
2664
2664
2664
2664
2664
2639
2639
2639
2639
2639
2636
2636
2636
2636
2636
2621
2621
2621
2621
2621
2621
2637
2637
2637
2637
2637
2652
2652
2652
2652
2652
2677
2677
2677
2677
2677
2677
2713
2713
2713
2713
2713
2746
2746
2746
2746
2746
2781
2781
2781
2781
2781
2781
2792
2792
2792
2792
2792
2803
2803
2803
2803
2803
2799
2799
2799
2799
2799
2799
2786
2786
2786
2786
2786
2778
2778
2778
2778
2778
2747
2747
2747
2747
2747
2747
2742
2742
2742
2742
2742
2755
2755
2755
2755
2755
2737
2737
2737
2737
2737
2737
2735
2735
2735
2735
2735
2733
2733
2733
2733
2733
2725
2725
2725
2725
2725
2725
2715
2715
2715
2715
2715
2699
2699
2699
2699
2699
2706
2706
2706
2706
2706
2706
2694
2694
2694
2694
2694
2696
2696
2696
2696
2696
2722
2722
2722
2722
2722
2722
2737
2737
2737
2737
2737
2738
2738
2738
2738
2738
2750
2750
2750
2750
2750
2750
2763
2763
2763
2763
2763
2767
2767
2767
2767
2767
2759
2759
2759
2759
2759
2759
2767
2767
2767
2767
2767
2745
2745
2745
2745
2745
2736
2736
2736
2736
2736
2736
2711
2711
2711
2711
2711
2698
2698
2698
2698
2698
2680
2680
2680
2680
2680
2680
2654
2654
2654
2654
2654
2640
2640
2640
2640
2640
2623
2623
2623
2623
2623
2623
2619
2619
2619
2619
2619
2584
2584
2584
2584
2584
2565
2565
2565
2565
2565
2565
2550
2550
2550
2550
2550
2530
2530
2530
2530
2530
2541
2541
2541
2541
2541
2541
2542
2542
2542
2542
2542
2538
2538
2538
2538
2538
2562
2562
2562
2562
2562
2562
2580
2580
2580
2580
2580
2577
2577
2577
2577
2577
2598
2598
2598
2598
2598
2598
2580
2580
2580
2580
2580
2577
2577
2577
2577
2577
2554
2554
2554
2554
2554
2554
2518
2518
2518
2518
2518
2506
2506
2506
2506
2506
2497
2497
2497
2497
2497
2497
2480
2480
2480
2480
2480
2474
2474
2474
2474
2474
2471
2471
2471
2471
2471
2471
2480
2480
2480
2480
2480
2462
2462
2462
2462
2462
2454
2454
2454
2454
2454
2454
2431
2431
2431
2431
2431
2427
2427
2427
2427
2427
2422
2422
2422
2422
2422
2422
2412
2412
2412
2412
2412
2422
2422
2422
2422
2422
2423
2423
2423
2423
2423
2423
2435
2435
2435
2435
2435
2435
2435
2435
2435
2435
2436
2436
2436
2436
2436
2436
2436
2436
2436
2436
2436
2438
2438
2438
2438
2438
2421
2421
2421
2421
2421
2421
2411
2411
2411
2411
2411
2411
2411
2411
2411
2411
2413
2413
2413
2413
2413
2413
2410
2410
2410
2410
2410
2421
2421
2421
2421
2421
2444
2444
2444
2444
2444
2444
2445
2445
2445
2445
2445
2456
2456
2456
2456
2456
2452
2452
2452
2452
2452
2452
2449
2449
2449
2449
2449
2432
2432
2432
2432
2432
2411
2411
2411
2411
2411
2411
2416
2416
2416
2416
2416
2402
2402
2402
2402
2402
2391
2391
2391
2391
2391
2391
2418
2418
2418
2418
2418
2423
2423
2423
2423
2423
2420
2420
2420
2420
2420
2420
2436
2436
2436
2436
2436
2436
2436
2436
2436
2436
2439
2439
2439
2439
2439
2439
2416
2416
2416
2416
2416
2414
2414
2414
2414
2414
2427
2427
2427
2427
2427
2427
2431
2431
2431
2431
2431
2431
2431
2431
2431
2431
2446
2446
2446
2446
2446
2446
2483
2483
2483
2483
2483
2501
2501
2501
2501
2501
2519
2519
2519
2519
2519
2519
2531
2531
2531
2531
2531
2547
2547
2547
2547
2547
2547
2547
2547
2547
2547
2547
2536
2536
2536
2536
2536
2524
2524
2524
2524
2524
2521
2521
2521
2521
2521
2521
2506
2506
2506
2506
2506
2506
2506
2506
2506
2506
2510
2510
2510
2510
2510
2510
2511
2511
2511
2511
2511
2508
2508
2508
2508
2508
2522
2522
2522
2522
2522
2522
2512
2512
2512
2512
2512
2514
2514
2514
2514
2514
2510
2510
2510
2510
2510
2510
2524
2524
2524
2524
2524
2538
2538
2538
2538
2538
2545
2545
2545
2545
2545
2545
2570
2570
2570
2570
2570
2602
2602
2602
2602
2602
2633
2633
2633
2633
2633
2633
2665
2665
2665
2665
2665
2712
2712
2712
2712
2712
2700
2700
2700
2700
2700
2700
2714
2714
2714
2714
2714
2692
2692
2692
2692
2692
2682
2682
2682
2682
2682
2682
2658
2658
2658
2658
2658
2618
2618
2618
2618
2618
2600
2600
2600
2600
2600
2600
2599
2599
2599
2599
2599
2589
2589
2589
2589
2589
2598
2598
2598
2598
2598
2598
2607
2607
2607
2607
2607
2608
2608
2608
2608
2608
2622
2622
2622
2622
2622
2622
2629
2629
2629
2629
2629
2650
2650
2650
2650
2650
2669
2669
2669
2669
2669
2669
2677
2677
2677
2677
2677
2694
2694
2694
2694
2694
2699
2699
2699
2699
2699
2699
2762
2762
2762
2762
2762
2752
2752
2752
2752
2752
2770
2770
2770
2770
2770
2770
2789
2789
2789
2789
2789
2810
2810
2810
2810
2810
2817
2817
2817
2817
2817
2817
2807
2807
2807
2807
2807
2814
2814
2814
2814
2814
2812
2812
2812
2812
2812
2812
2799
2799
2799
2799
2799
2800
2800
2800
2800
2800
2802
2802
2802
2802
2802
2802
2808
2808
2808
2808
2808
2802
2802
2802
2802
2802
2811
2811
2811
2811
2811
2811
2844
2844
2844
2844
2844
2842
2842
2842
2842
2842
2864
2864
2864
2864
2864
2864
2889
2889
2889
2889
2889
2903
2903
2903
2903
2903
2895
2895
2895
2895
2895
2895
2918
2918
2918
2918
2918
2925
2925
2925
2925
2925
2939
2939
2939
2939
2939
2939
2942
2942
2942
2942
2942
2969
2969
2969
2969
2969
2986
2986
2986
2986
2986
2986
3002
3002
3002
3002
3002
3014
3014
3014
3014
3014
3042
3042
3042
3042
3042
3042
3035
3035
3035
3035
3035
3030
3030
3030
3030
3030
3030
3030
3030
3030
3030
3030
3001
3001
3001
3001
3001
2988
2988
2988
2988
2988
2977
2977
2977
2977
2977
2977
2955
2955
2955
2955
2955
2943
2943
2943
2943
2943
2959
2959
2959
2959
2959
2959
2971
2971
2971
2971
2971
2970
2970
2970
2970
2970
2989
2989
2989
2989
2989
2989
2997
2997
2997
2997
2997
2980
2980
2980
2980
2980
2980
2980
2980
2980
2980
2980
2969
2969
2969
2969
2969
2971
2971
2971
2971
2971
2963
2963
2963
2963
2963
2963
2971
2971
2971
2971
2971
2973
2973
2973
2973
2973
2966
2966
2966
2966
2966
2966
3003
3003
3003
3003
3003
3003
3003
3003
3003
3003
3014
3014
3014
3014
3014
3014
3028
3028
3028
3028
3028
3021
3021
3021
3021
3021
3010
3010
3010
3010
3010
3010
3012
3012
3012
3012
3012
2992
2992
2992
2992
2992
2982
2982
2982
2982
2982
2982
2980
2980
2980
2980
2980
2973
2973
2973
2973
2973
2980
2980
2980
2980
2980
2980
2967
2967
2967
2967
2967
2976
2976
2976
2976
2976
2985
2985
2985
2985
2985
2985
2988
2988
2988
2988
2988
2971
2971
2971
2971
2971
2987
2987
2987
2987
2987
2987
2985
2985
2985
2985
2985
2987
2987
2987
2987
2987
2984
2984
2984
2984
2984
2984
2983
2983
2983
2983
2983
2989
2989
2989
2989
2989
2999
2999
2999
2999
2999
2999
2995
2995
2995
2995
2995
2990
2990
2990
2990
2990
2971
2971
2971
2971
2971
2971
2968
2968
2968
2968
2968
2954
2954
2954
2954
2954
2944
2944
2944
2944
2944
2944
2918
2918
2918
2918
2918
2915
2915
2915
2915
2915
2877
2877
2877
2877
2877
2877
2892
2892
2892
2892
2892
2889
2889
2889
2889
2889
2860
2860
2860
2860
2860
2860
2855
2855
2855
2855
2855
2847
2847
2847
2847
2847
2824
2824
2824
2824
2824
2824
2798
2798
2798
2798
2798
2770
2770
2770
2770
2770
2743
2743
2743
2743
2743
2743
2715
2715
2715
2715
2715
2704
2704
2704
2704
2704
2692
2692
2692
2692
2692
2692
2687
2687
2687
2687
2687
2683
2683
2683
2683
2683
2696
2696
2696
2696
2696
2696
2700
2700
2700
2700
2700
2704
2704
2704
2704
2704
2694
2694
2694
2694
2694
2694
2684
2684
2684
2684
2684
2671
2671
2671
2671
2671
2643
2643
2643
2643
2643
2643
2624
2624
2624
2624
2624
2601
2601
2601
2601
2601
2585
2585
2585
2585
2585
2585
2561
2561
2561
2561
2561
2560
2560
2560
2560
2560
2543
2543
2543
2543
2543
2543
2540
2540
2540
2540
2540
2521
2521
2521
2521
2521
2511
2511
2511
2511
2511
2511
2519
2519
2519
2519
2519
2506
2506
2506
2506
2506
2505
2505
2505
2505
2505
2505
2512
2512
2512
2512
2512
2510
2510
2510
2510
2510
2509
2509
2509
2509
2509
2509
2516
2516
2516
2516
2516
2513
2513
2513
2513
2513
2513
2513
2513
2513
2513
2513
2531
2531
2531
2531
2531
2529
2529
2529
2529
2529
2507
2507
2507
2507
2507
2507
2518
2518
2518
2518
2518
2499
2499
2499
2499
2499
2479
2479
2479
2479
2479
2479
2470
2470
2470
2470
2470
2456
2456
2456
2456
2456
2448
2448
2448
2448
2448
2448
2438
2438
2438
2438
2438
2420
2420
2420
2420
2420
2412
2412
2412
2412
2412
2412
2385
2385
2385
2385
2385
2373
2373
2373
2373
2373
2360
2360
2360
2360
2360
2360
2361
2361
2361
2361
2361
2359
2359
2359
2359
2359
2365
2365
2365
2365
2365
2365
2366
2366
2366
2366
2366
2383
2383
2383
2383
2383
2391
2391
2391
2391
2391
2391
2406
2406
2406
2406
2406
2415
2415
2415
2415
2415
2410
2410
2410
2410
2410
2410
2407
2407
2407
2407
2407
2385
2385
2385
2385
2385
2341
2341
2341
2341
2341
2341
2329
2329
2329
2329
2329
2295
2295
2295
2295
2295
2283
2283
2283
2283
2283
2283
2274
2274
2274
2274
2274
2252
2252
2252
2252
2252
2276
2276
2276
2276
2276
2276
2266
2266
2266
2266
2266
2279
2279
2279
2279
2279
2284
2284
2284
2284
2284
2284
2282
2282
2282
2282
2282
2290
2290
2290
2290
2290
2289
2289
2289
2289
2289
2289
2278
2278
2278
2278
2278
2274
2274
2274
2274
2274
2273
2273
2273
2273
2273
2273
2267
2267
2267
2267
2267
2267
2267
2267
2267
2267
2270
2270
2270
2270
2270
2270
2255
2255
2255
2255
2255
2246
2246
2246
2246
2246
2240
2240
2240
2240
2240
2240
2212
2212
2212
2212
2212
2193
2193
2193
2193
2193
2163
2163
2163
2163
2163
2163
2165
2165
2165
2165
2165
2138
2138
2138
2138
2138
2125
2125
2125
2125
2125
2125
2137
2137
2137
2137
2137
2133
2133
2133
2133
2133
2127
2127
2127
2127
2127
2127
2133
2133
2133
2133
2133
2127
2127
2127
2127
2127
2119
2119
2119
2119
2119
2119
2117
2117
2117
2117
2117
2093
2093
2093
2093
2093
2075
2075
2075
2075
2075
2075
2059
2059
2059
2059
2059
2046
2046
2046
2046
2046
2034
2034
2034
2034
2034
2034
2021
2021
2021
2021
2021
2013
2013
2013
2013
2013
1997
1997
1997
1997
1997
1997
1999
1999
1999
1999
1999
1993
1993
1993
1993
1993
1988
1988
1988
1988
1988
1988
1959
1959
1959
1959
1959
1952
1952
1952
1952
1952
1961
1961
1961
1961
1961
1961
1956
1956
1956
1956
1956
1964
1964
1964
1964
1964
1961
1961
1961
1961
1961
1961
1968
1968
1968
1968
1968
1979
1979
1979
1979
1979
1986
1986
1986
1986
1986
1986
2002
2002
2002
2002
2002
2004
2004
2004
2004
2004
1983
1983
1983
1983
1983
1983
1990
1990
1990
1990
1990
1975
1975
1975
1975
1975
1966
1966
1966
1966
1966
1966
1960
1960
1960
1960
1960
1965
1965
1965
1965
1965
1982
1982
1982
1982
1982
1982
1988
1988
1988
1988
1988
2002
2002
2002
2002
2002
2010
2010
2010
2010
2010
2010
2020
2020
2020
2020
2020
2024
2024
2024
2024
2024
2028
2028
2028
2028
2028
2028
2042
2042
2042
2042
2042
2062
2062
2062
2062
2062
2060
2060
2060
2060
2060
2060
2076
2076
2076
2076
2076
2084
2084
2084
2084
2084
2108
2108
2108
2108
2108
2108
2084
2084
2084
2084
2084
2090
2090
2090
2090
2090
2089
2089
2089
2089
2089
2089
2068
2068
2068
2068
2068
2058
2058
2058
2058
2058
2060
2060
2060
2060
2060
2060
2054
2054
2054
2054
2054
2066
2066
2066
2066
2066
2036
2036
2036
2036
2036
2036
2049
2049
2049
2049
2049
2054
2054
2054
2054
2054
2063
2063
2063
2063
2063
2063
2072
2072
2072
2072
2072
2083
2083
2083
2083
2083
2097
2097
2097
2097
2097
2097
2113
2113
2113
2113
2113
2128
2128
2128
2128
2128
2136
2136
2136
2136
2136
2136
2155
2155
2155
2155
2155
2163
2163
2163
2163
2163
2163
2163
2163
2163
2163
2163
2151
2151
2151
2151
2151
2151
2151
2151
2151
2151
2133
2133
2133
2133
2133
2133
2132
2132
2132
2132
2132
2132
2132
2132
2132
2132
2125
2125
2125
2125
2125
2125
2142
2142
2142
2142
2142
2151
2151
2151
2151
2151
2145
2145
2145
2145
2145
2145
2162
2162
2162
2162
2162
2192
2192
2192
2192
2192
2218
2218
2218
2218
2218
2218
2240
2240
2240
2240
2240
2265
2265
2265
2265
2265
2273
2273
2273
2273
2273
2273
2298
2298
2298
2298
2298
2319
2319
2319
2319
2319
2329
2329
2329
2329
2329
2329
2365
2365
2365
2365
2365
2383
2383
2383
2383
2383
2388
2388
2388
2388
2388
2388
2415
2415
2415
2415
2415
2420
2420
2420
2420
2420
2421
2421
2421
2421
2421
2421
2411
2411
2411
2411
2411
2413
2413
2413
2413
2413
2400
2400
2400
2400
2400
2400
2396
2396
2396
2396
2396
2413
2413
2413
2413
2413
2423
2423
2423
2423
2423
2423
2419
2419
2419
2419
2419
2435
2435
2435
2435
2435
2456
2456
2456
2456
2456
2456
2463
2463
2463
2463
2463
2486
2486
2486
2486
2486
2484
2484
2484
2484
2484
2484
2503
2503
2503
2503
2503
2491
2491
2491
2491
2491
2507
2507
2507
2507
2507
2507
2502
2502
2502
2502
2502
2509
2509
2509
2509
2509
2506
2506
2506
2506
2506
2506
2502
2502
2502
2502
2502
2514
2514
2514
2514
2514
2495
2495
2495
2495
2495
2495
2480
2480
2480
2480
2480
2479
2479
2479
2479
2479
2477
2477
2477
2477
2477
2477
2472
2472
2472
2472
2472
2462
2462
2462
2462
2462
2471
2471
2471
2471
2471
2471
2469
2469
2469
2469
2469
2471
2471
2471
2471
2471
2475
2475
2475
2475
2475
2475
2483
2483
2483
2483
2483
2511
2511
2511
2511
2511
2493
2493
2493
2493
2493
2493
2512
2512
2512
2512
2512
2508
2508
2508
2508
2508
2517
2517
2517
2517
2517
2517
2522
2522
2522
2522
2522
2528
2528
2528
2528
2528
2529
2529
2529
2529
2529
2529
2527
2527
2527
2527
2527
2544
2544
2544
2544
2544
2554
2554
2554
2554
2554
2554
2562
2562
2562
2562
2562
2578
2578
2578
2578
2578
2569
2569
2569
2569
2569
2569
2577
2577
2577
2577
2577
2584
2584
2584
2584
2584
2585
2585
2585
2585
2585
2585
2596
2596
2596
2596
2596
2605
2605
2605
2605
2605
2635
2635
2635
2635
2635
2635
2661
2661
2661
2661
2661
2695
2695
2695
2695
2695
2725
2725
2725
2725
2725
2725
2740
2740
2740
2740
2740
2743
2743
2743
2743
2743
2763
2763
2763
2763
2763
2763
2767
2767
2767
2767
2767
2777
2777
2777
2777
2777
2764
2764
2764
2764
2764
2764
2769
2769
2769
2769
2769
2780
2780
2780
2780
2780
2788
2788
2788
2788
2788
2788
2788
2788
2788
2788
2788
2816
2816
2816
2816
2816
2835
2835
2835
2835
2835
2835
2851
2851
2851
2851
2851
2864
2864
2864
2864
2864
2882
2882
2882
2882
2882
2882
2893
2893
2893
2893
2893
2904
2904
2904
2904
2904
2900
2900
2900
2900
2900
2900
2922
2922
2922
2922
2922
2918
2918
2918
2918
2918
2935
2935
2935
2935
2935
2935
2931
2931
2931
2931
2931
2955
2955
2955
2955
2955
2980
2980
2980
2980
2980
2980
2995
2995
2995
2995
2995
3009
3009
3009
3009
3009
3013
3013
3013
3013
3013
3013
3034
3034
3034
3034
3034
3033
3033
3033
3033
3033
3037
3037
3037
3037
3037
3037
3025
3025
3025
3025
3025
3038
3038
3038
3038
3038
3024
3024
3024
3024
3024
3024
3047
3047
3047
3047
3047
3041
3041
3041
3041
3041
3048
3048
3048
3048
3048
3048
3035
3035
3035
3035
3035
3060
3060
3060
3060
3060
3060
3060
3060
3060
3060
3060
3079
3079
3079
3079
3079
3074
3074
3074
3074
3074
3097
3097
3097
3097
3097
3097
3084
3084
3084
3084
3084
3118
3118
3118
3118
3118
3114
3114
3114
3114
3114
3114
3153
3153
3153
3153
3153
3160
3160
3160
3160
3160
3178
3178
3178
3178
3178
3178
3181
3181
3181
3181
3181
3160
3160
3160
3160
3160
3129
3129
3129
3129
3129
3129
3118
3118
3118
3118
3118
3093
3093
3093
3093
3093
3081
3081
3081
3081
3081
3081
3063
3063
3063
3063
3063
3060
3060
3060
3060
3060
3067
3067
3067
3067
3067
3067
3069
3069
3069
3069
3069
3072
3072
3072
3072
3072
3072
3072
3072
3072
3072
3072
3089
3089
3089
3089
3089
3061
3061
3061
3061
3061
3070
3070
3070
3070
3070
3070
3049
3049
3049
3049
3049
3036
3036
3036
3036
3036
3039
3039
3039
3039
3039
3039
3047
3047
3047
3047
3047
3052
3052
3052
3052
3052
3060
3060
3060
3060
3060
3060
3057
3057
3057
3057
3057
3075
3075
3075
3075
3075
3056
3056
3056
3056
3056
3056
3035
3035
3035
3035
3035
3002
3002
3002
3002
3002
2966
2966
2966
2966
2966
2966
2931
2931
2931
2931
2931
2899
2899
2899
2899
2899
2881
2881
2881
2881
2881
2881
2885
2885
2885
2885
2885
2872
2872
2872
2872
2872
2876
2876
2876
2876
2876
2876
2895
2895
2895
2895
2895
2902
2902
2902
2902
2902
2906
2906
2906
2906
2906
2906
2905
2905
2905
2905
2905
2908
2908
2908
2908
2908
2887
2887
2887
2887
2887
2887
2855
2855
2855
2855
2855
2836
2836
2836
2836
2836
2827
2827
2827
2827
2827
2827
2807
2807
2807
2807
2807
2787
2787
2787
2787
2787
2769
2769
2769
2769
2769
2769
2761
2761
2761
2761
2761
2747
2747
2747
2747
2747
2716
2716
2716
2716
2716
2716
2690
2690
2690
2690
2690
2651
2651
2651
2651
2651
2621
2621
2621
2621
2621
2621
2606
2606
2606
2606
2606
2584
2584
2584
2584
2584
2589
2589
2589
2589
2589
2589
2566
2566
2566
2566
2566
2574
2574
2574
2574
2574
2585
2585
2585
2585
2585
2585
2577
2577
2577
2577
2577
2568
2568
2568
2568
2568
2531
2531
2531
2531
2531
2531
2513
2513
2513
2513
2513
2480
2480
2480
2480
2480
2447
2447
2447
2447
2447
2447
2418
2418
2418
2418
2418
2391
2391
2391
2391
2391
2378
2378
2378
2378
2378
2378
2366
2366
2366
2366
2366
2367
2367
2367
2367
2367
2371
2371
2371
2371
2371
2371
2370
2370
2370
2370
2370
2359
2359
2359
2359
2359
2353
2353
2353
2353
2353
2353
2344
2344
2344
2344
2344
2352
2352
2352
2352
2352
2342
2342
2342
2342
2342
2342
2333
2333
2333
2333
2333
2350
2350
2350
2350
2350
2356
2356
2356
2356
2356
2356
2346
2346
2346
2346
2346
2356
2356
2356
2356
2356
2363
2363
2363
2363
2363
2363
2360
2360
2360
2360
2360
2330
2330
2330
2330
2330
2323
2323
2323
2323
2323
2323
2289
2289
2289
2289
2289
2271
2271
2271
2271
2271
2249
2249
2249
2249
2249
2249
2259
2259
2259
2259
2259
2256
2256
2256
2256
2256
2263
2263
2263
2263
2263
2263
2289
2289
2289
2289
2289
2298
2298
2298
2298
2298
2308
2308
2308
2308
2308
2308
2307
2307
2307
2307
2307
2322
2322
2322
2322
2322
2319
2319
2319
2319
2319
2319
2307
2307
2307
2307
2307
2308
2308
2308
2308
2308
2304
2304
2304
2304
2304
2304
2296
2296
2296
2296
2296
2293
2293
2293
2293
2293
2274
2274
2274
2274
2274
2274
2277
2277
2277
2277
2277
2261
2261
2261
2261
2261
2233
2233
2233
2233
2233
2233
2236
2236
2236
2236
2236
2203
2203
2203
2203
2203
2181
2181
2181
2181
2181
2181
2181
2181
2181
2181
2181
2177
2177
2177
2177
2177
2175
2175
2175
2175
2175
2175
2182
2182
2182
2182
2182
2183
2183
2183
2183
2183
2194
2194
2194
2194
2194
2194
2178
2178
2178
2178
2178
2192
2192
2192
2192
2192
2178
2178
2178
2178
2178
2178
2168
2168
2168
2168
2168
2190
2190
2190
2190
2190
2190
2190
2190
2190
2190
2190
2192
2192
2192
2192
2192
2203
2203
2203
2203
2203
2198
2198
2198
2198
2198
2198
2206
2206
2206
2206
2206
2191
2191
2191
2191
2191
2194
2194
2194
2194
2194
2194
2172
2172
2172
2172
2172
2178
2178
2178
2178
2178
2161
2161
2161
2161
2161
2161
2172
2172
2172
2172
2172
2184
2184
2184
2184
2184
2210
2210
2210
2210
2210
2210
2227
2227
2227
2227
2227
2257
2257
2257
2257
2257
2288
2288
2288
2288
2288
2288
2294
2294
2294
2294
2294
2313
2313
2313
2313
2313
2309
2309
2309
2309
2309
2309
2307
2307
2307
2307
2307
2315
2315
2315
2315
2315
2310
2310
2310
2310
2310
2310
2329
2329
2329
2329
2329
2335
2335
2335
2335
2335
2322
2322
2322
2322
2322
2322
2334
2334
2334
2334
2334
2333
2333
2333
2333
2333
2351
2351
2351
2351
2351
2351
2368
2368
2368
2368
2368
2381
2381
2381
2381
2381
2420
2420
2420
2420
2420
2420
2420
2420
2420
2420
2420
2435
2435
2435
2435
2435
2444
2444
2444
2444
2444
2444
2447
2447
2447
2447
2447
2455
2455
2455
2455
2455
2460
2460
2460
2460
2460
2460
2468
2468
2468
2468
2468
2478
2478
2478
2478
2478
2487
2487
2487
2487
2487
2487
2477
2477
2477
2477
2477
2469
2469
2469
2469
2469
2471
2471
2471
2471
2471
2471
2475
2475
2475
2475
2475
2472
2472
2472
2472
2472
2493
2493
2493
2493
2493
2493
2505
2505
2505
2505
2505
2508
2508
2508
2508
2508
2513
2513
2513
2513
2513
2513
2536
2536
2536
2536
2536
2532
2532
2532
2532
2532
2548
2548
2548
2548
2548
2548
2562
2562
2562
2562
2562
2577
2577
2577
2577
2577
2581
2581
2581
2581
2581
2581
2597
2597
2597
2597
2597
2618
2618
2618
2618
2618
2664
2664
2664
2664
2664
2664
2660
2660
2660
2660
2660
2706
2706
2706
2706
2706
2709
2709
2709
2709
2709
2709
2707
2707
2707
2707
2707
2708
2708
2708
2708
2708
2698
2698
2698
2698
2698
2698
2720
2720
2720
2720
2720
2716
2716
2716
2716
2716
2720
2720
2720
2720
2720
2720
2752
2752
2752
2752
2752
2786
2786
2786
2786
2786
2803
2803
2803
2803
2803
2803
2821
2821
2821
2821
2821
2873
2873
2873
2873
2873
2882
2882
2882
2882
2882
2882
2912
2912
2912
2912
2912
2906
2906
2906
2906
2906
2935
2935
2935
2935
2935
2935
2948
2948
2948
2948
2948
2962
2962
2962
2962
2962
2957
2957
2957
2957
2957
2957
2994
2994
2994
2994
2994
2985
2985
2985
2985
2985
2976
2976
2976
2976
2976
2976
3004
3004
3004
3004
3004
2981
2981
2981
2981
2981
3003
3003
3003
3003
3003
3003
2998
2998
2998
2998
2998
3021
3021
3021
3021
3021
3030
3030
3030
3030
3030
3030
3037
3037
3037
3037
3037
3062
3062
3062
3062
3062
3079
3079
3079
3079
3079
3079
3083
3083
3083
3083
3083
3084
3084
3084
3084
3084
3082
3082
3082
3082
3082
3082
3090
3090
3090
3090
3090
3081
3081
3081
3081
3081
3074
3074
3074
3074
3074
3074
3054
3054
3054
3054
3054
3069
3069
3069
3069
3069
3071
3071
3071
3071
3071
3071
3071
3071
3071
3071
3071
3086
3086
3086
3086
3086
3097
3097
3097
3097
3097
3097
3095
3095
3095
3095
3095
3102
3102
3102
3102
3102
3100
3100
3100
3100
3100
3100
3085
3085
3085
3085
3085
3086
3086
3086
3086
3086
3069
3069
3069
3069
3069
3069
3054
3054
3054
3054
3054
3063
3063
3063
3063
3063
3068
3068
3068
3068
3068
3068
3096
3096
3096
3096
3096
3099
3099
3099
3099
3099
3113
3113
3113
3113
3113
3113
3118
3118
3118
3118
3118
3125
3125
3125
3125
3125
3120
3120
3120
3120
3120
3120
3101
3101
3101
3101
3101
3090
3090
3090
3090
3090
3065
3065
3065
3065
3065
3065
3052
3052
3052
3052
3052
3060
3060
3060
3060
3060
3068
3068
3068
3068
3068
3068
3066
3066
3066
3066
3066
3076
3076
3076
3076
3076
3085
3085
3085
3085
3085
3085
3079
3079
3079
3079
3079
3090
3090
3090
3090
3090
3065
3065
3065
3065
3065
3065
3073
3073
3073
3073
3073
3056
3056
3056
3056
3056
3040
3040
3040
3040
3040
3040
3029
3029
3029
3029
3029
3042
3042
3042
3042
3042
3039
3039
3039
3039
3039
3039
3068
3068
3068
3068
3068
3066
3066
3066
3066
3066
3095
3095
3095
3095
3095
3095
3090
3090
3090
3090
3090
3084
3084
3084
3084
3084
3084
3084
3084
3084
3084
3084
3060
3060
3060
3060
3060
3048
3048
3048
3048
3048
3031
3031
3031
3031
3031
3031
3013
3013
3013
3013
3013
3019
3019
3019
3019
3019
3022
3022
3022
3022
3022
3022
3012
3012
3012
3012
3012
3020
3020
3020
3020
3020
3008
3008
3008
3008
3008
3008
3009
3009
3009
3009
3009
2992
2992
2992
2992
2992
2999
2999
2999
2999
2999
2999
2996
2996
2996
2996
2996
2984
2984
2984
2984
2984
2998
2998
2998
2998
2998
2998
3000
3000
3000
3000
3000
3013
3013
3013
3013
3013
3035
3035
3035
3035
3035
3035
3069
3069
3069
3069
3069
3073
3073
3073
3073
3073
3078
3078
3078
3078
3078
3078
3078
3078
3078
3078
3078
3061
3061
3061
3061
3061
3056
3056
3056
3056
3056
3056
3051
3051
3051
3051
3051
3048
3048
3048
3048
3048
3037
3037
3037
3037
3037
3037
3039
3039
3039
3039
3039
3046
3046
3046
3046
3046
3043
3043
3043
3043
3043
3043
3048
3048
3048
3048
3048
3055
3055
3055
3055
3055
3041
3041
3041
3041
3041
3041
3036
3036
3036
3036
3036
3039
3039
3039
3039
3039
3026
3026
3026
3026
3026
3026
3032
3032
3032
3032
3032
3039
3039
3039
3039
3039
3065
3065
3065
3065
3065
3065
3075
3075
3075
3075
3075
3095
3095
3095
3095
3095
3111
3111
3111
3111
3111
3111
3120
3120
3120
3120
3120
3124
3124
3124
3124
3124
3114
3114
3114
3114
3114
3114
3100
3100
3100
3100
3100
3075
3075
3075
3075
3075
3040
3040
3040
3040
3040
3040
3027
3027
3027
3027
3027
3017
3017
3017
3017
3017
3021
3021
3021
3021
3021
3021
3045
3045
3045
3045
3045
3056
3056
3056
3056
3056
3071
3071
3071
3071
3071
3071
3086
3086
3086
3086
3086
3083
3083
3083
3083
3083
3084
3084
3084
3084
3084
3084
3073
3073
3073
3073
3073
3054
3054
3054
3054
3054
3037
3037
3037
3037
3037
3037
3021
3021
3021
3021
3021
3014
3014
3014
3014
3014
3007
3007
3007
3007
3007
3007
3014
3014
3014
3014
3014
3019
3019
3019
3019
3019
3037
3037
3037
3037
3037
3037
3030
3030
3030
3030
3030
3030
3030
3030
3030
3030
3020
3020
3020
3020
3020
3020
3021
3021
3021
3021
3021
3007
3007
3007
3007
3007
2980
2980
2980
2980
2980
2980
2981
2981
2981
2981
2981
2983
2983
2983
2983
2983
2976
2976
2976
2976
2976
2976
2984
2984
2984
2984
2984
2984
2984
2984
2984
2984
2987
2987
2987
2987
2987
2987
2991
2991
2991
2991
2991
2981
2981
2981
2981
2981
2966
2966
2966
2966
2966
2966
2946
2946
2946
2946
2946
2941
2941
2941
2941
2941
2914
2914
2914
2914
2914
2914
2904
2904
2904