2742
2702
2702
2702
2702
2702
2727
2727
2727
2727
2727
2727
2766
2766
2766
2766
2766
2668
2668
2668
2668
2668
2740
2740
2740
2740
2740
2740
2705
2705
2705
2705
2705
2678
2678
2678
2678
2678
2684
2684
2684
2684
2684
2684
2608
2608
2608
2608
2608
2709
2709
2709
2709
2709
2669
2669
2669
2669
2669
2669
2634
2634
2634
2634
2634
2611
2611
2611
2611
2611
2635
2635
2635
2635
2635
2635
2629
2629
2629
2629
2629
2634
2634
2634
2634
2634
2728
2728
2728
2728
2728
2728
2652
2652
2652
2652
2652
2700
2700
2700
2700
2700
2704
2704
2704
2704
2704
2704
2688
2688
2688
2688
2688
2722
2722
2722
2722
2722
2782
2782
2782
2782
2782
2782
2803
2803
2803
2803
2803
2758
2758
2758
2758
2758
2757
2757
2757
2757
2757
2757
2742
2742
2742
2742
2742
2776
2776
2776
2776
2776
2722
2722
2722
2722
2722
2722
2680
2680
2680
2680
2680
2716
2716
2716
2716
2716
2688
2688
2688
2688
2688
2688
2731
2731
2731
2731
2731
2685
2685
2685
2685
2685
2692
2692
2692
2692
2692
2692
2729
2729
2729
2729
2729
2716
2716
2716
2716
2716
2761
2761
2761
2761
2761
2761
2709
2709
2709
2709
2709
2799
2799
2799
2799
2799
2746
2746
2746
2746
2746
2746
2760
2760
2760
2760
2760
2769
2769
2769
2769
2769
2796
2796
2796
2796
2796
2796
2785
2785
2785
2785
2785
2781
2781
2781
2781
2781
2797
2797
2797
2797
2797
2797
2776
2776
2776
2776
2776
2808
2808
2808
2808
2808
2725
2725
2725
2725
2725
2725
2768
2768
2768
2768
2768
2718
2718
2718
2718
2718
2758
2758
2758
2758
2758
2758
2760
2760
2760
2760
2760
2787
2787
2787
2787
2787
2819
2819
2819
2819
2819
2819
2821
2821
2821
2821
2821
2811
2811
2811
2811
2811
2794
2794
2794
2794
2794
2794
2798
2798
2798
2798
2798
2818
2818
2818
2818
2818
2796
2796
2796
2796
2796
2796
2817
2817
2817
2817
2817
2807
2807
2807
2807
2807
2844
2844
2844
2844
2844
2844
2800
2800
2800
2800
2800
2821
2821
2821
2821
2821
2830
2830
2830
2830
2830
2830
2855
2855
2855
2855
2855
2882
2882
2882
2882
2882
2850
2850
2850
2850
2850
2850
2875
2875
2875
2875
2875
2888
2888
2888
2888
2888
2924
2924
2924
2924
2924
2924
2928
2928
2928
2928
2928
2934
2934
2934
2934
2934
2913
2913
2913
2913
2913
2913
2926
2926
2926
2926
2926
2947
2947
2947
2947
2947
2895
2895
2895
2895
2895
2895
2925
2925
2925
2925
2925
2889
2889
2889
2889
2889
2892
2892
2892
2892
2892
2892
2840
2840
2840
2840
2840
2926
2926
2926
2926
2926
2938
2938
2938
2938
2938
2938
2949
2949
2949
2949
2949
2930
2930
2930
2930
2930
3003
3003
3003
3003
3003
3003
2974
2974
2974
2974
2974
3006
3006
3006
3006
3006
3037
3037
3037
3037
3037
3037
3003
3003
3003
3003
3003
2993
2993
2993
2993
2993
3018
3018
3018
3018
3018
3018
3012
3012
3012
3012
3012
3005
3005
3005
3005
3005
2915
2915
2915
2915
2915
2915
2922
2922
2922
2922
2922
2900
2900
2900
2900
2900
2907
2907
2907
2907
2907
2907
2949
2949
2949
2949
2949
2915
2915
2915
2915
2915
2949
2949
2949
2949
2949
2949
2946
2946
2946
2946
2946
2923
2923
2923
2923
2923
2916
2916
2916
2916
2916
2916
2938
2938
2938
2938
2938
2959
2959
2959
2959
2959
2960
2960
2960
2960
2960
2960
2969
2969
2969
2969
2969
2975
2975
2975
2975
2975
2974
2974
2974
2974
2974
2974
2972
2972
2972
2972
2972
3012
3012
3012
3012
3012
2962
2962
2962
2962
2962
2962
2959
2959
2959
2959
2959
2978
2978
2978
2978
2978
2921
2921
2921
2921
2921
2921
2937
2937
2937
2937
2937
2905
2905
2905
2905
2905
2908
2908
2908
2908
2908
2908
2882
2882
2882
2882
2882
2922
2922
2922
2922
2922
2941
2941
2941
2941
2941
2941
2936
2936
2936
2936
2936
2936
2936
2936
2936
2936
2942
2942
2942
2942
2942
2942
2932
2932
2932
2932
2932
2964
2964
2964
2964
2964
2947
2947
2947
2947
2947
2947
2946
2946
2946
2946
2946
2996
2996
2996
2996
2996
3000
3000
3000
3000
3000
3000
2975
2975
2975
2975
2975
2935
2935
2935
2935
2935
2982
2982
2982
2982
2982
2982
2928
2928
2928
2928
2928
2947
2947
2947
2947
2947
2972
2972
2972
2972
2972
2972
2969
2969
2969
2969
2969
3006
3006
3006
3006
3006
2933
2933
2933
2933
2933
2933
2942
2942
2942
2942
2942
3014
3014
3014
3014
3014
2977
2977
2977
2977
2977
2977
2935
2935
2935
2935
2935
2953
2953
2953
2953
2953
2957
2957
2957
2957
2957
2957
3013
3013
3013
3013
3013
2927
2927
2927
2927
2927
2974
2974
2974
2974
2974
2974
2950
2950
2950
2950
2950
2946
2946
2946
2946
2946
2894
2894
2894
2894
2894
2894
2948
2948
2948
2948
2948
2931
2931
2931
2931
2931
2922
2922
2922
2922
2922
2922
2851
2851
2851
2851
2851
2882
2882
2882
2882
2882
2940
2940
2940
2940
2940
2940
2844
2844
2844
2844
2844
2898
2898
2898
2898
2898
2864
2864
2864
2864
2864
2864
2908
2908
2908
2908
2908
2875
2875
2875
2875
2875
2856
2856
2856
2856
2856
2856
2842
2842
2842
2842
2842
2852
2852
2852
2852
2852
2812
2812
2812
2812
2812
2812
2798
2798
2798
2798
2798
2800
2800
2800
2800
2800
2809
2809
2809
2809
2809
2809
2727
2727
2727
2727
2727
2710
2710
2710
2710
2710
2699
2699
2699
2699
2699
2699
2677
2677
2677
2677
2677
2695
2695
2695
2695
2695
2680
2680
2680
2680
2680
2680
2619
2619
2619
2619
2619
2693
2693
2693
2693
2693
2651
2651
2651
2651
2651
2651
2690
2690
2690
2690
2690
2633
2633
2633
2633
2633
2667
2667
2667
2667
2667
2667
2633
2633
2633
2633
2633
2597
2597
2597
2597
2597
2600
2600
2600
2600
2600
2600
2595
2595
2595
2595
2595
2584
2584
2584
2584
2584
2523
2523
2523
2523
2523
2523
2577
2577
2577
2577
2577
2516
2516
2516
2516
2516
2496
2496
2496
2496
2496
2496
2487
2487
2487
2487
2487
2473
2473
2473
2473
2473
2492
2492
2492
2492
2492
2492
2460
2460
2460
2460
2460
2483
2483
2483
2483
2483
2375
2375
2375
2375
2375
2375
2391
2391
2391
2391
2391
2397
2397
2397
2397
2397
2372
2372
2372
2372
2372
2372
2417
2417
2417
2417
2417
2386
2386
2386
2386
2386
2352
2352
2352
2352
2352
2352
2362
2362
2362
2362
2362
2384
2384
2384
2384
2384
2311
2311
2311
2311
2311
2311
2299
2299
2299
2299
2299
2295
2295
2295
2295
2295
2259
2259
2259
2259
2259
2259
2315
2315
2315
2315
2315
2278
2278
2278
2278
2278
2234
2234
2234
2234
2234
2234
2236
2236
2236
2236
2236
2213
2213
2213
2213
2213
2190
2190
2190
2190
2190
2190
2216
2216
2216
2216
2216
2148
2148
2148
2148
2148
2189
2189
2189
2189
2189
2189
2119
2119
2119
2119
2119
2112
2112
2112
2112
2112
2114
2114
2114
2114
2114
2114
2058
2058
2058
2058
2058
2077
2077
2077
2077
2077
2049
2049
2049
2049
2049
2049
2063
2063
2063
2063
2063
2033
2033
2033
2033
2033
2039
2039
2039
2039
2039
2039
1996
1996
1996
1996
1996
1991
1991
1991
1991
1991
1989
1989
1989
1989
1989
1989
2009
2009
2009
2009
2009
1953
1953
1953
1953
1953
1967
1967
1967
1967
1967
1967
1947
1947
1947
1947
1947
1918
1918
1918
1918
1918
1959
1959
1959
1959
1959
1959
1925
1925
1925
1925
1925
1944
1944
1944
1944
1944
1965
1965
1965
1965
1965
1965
1940
1940
1940
1940
1940
1915
1915
1915
1915
1915
1961
1961
1961
1961
1961
1961
1917
1917
1917
1917
1917
1930
1930
1930
1930
1930
1996
1996
1996
1996
1996
1996
1954
1954
1954
1954
1954
1986
1986
1986
1986
1986
1945
1945
1945
1945
1945
1945
2032
2032
2032
2032
2032
1996
1996
1996
1996
1996
1967
1967
1967
1967
1967
1967
2025
2025
2025
2025
2025
2058
2058
2058
2058
2058
2043
2043
2043
2043
2043
2043
2077
2077
2077
2077
2077
2084
2084
2084
2084
2084
2059
2059
2059
2059
2059
2059
2083
2083
2083
2083
2083
2119
2119
2119
2119
2119
2102
2102
2102
2102
2102
2102
2117
2117
2117
2117
2117
2147
2147
2147
2147
2147
2137
2137
2137
2137
2137
2137
2134
2134
2134
2134
2134
2105
2105
2105
2105
2105
2153
2153
2153
2153
2153
2153
2137
2137
2137
2137
2137
2156
2156
2156
2156
2156
2154
2154
2154
2154
2154
2154
2168
2168
2168
2168
2168
2232
2232
2232
2232
2232
2169
2169
2169
2169
2169
2169
2228
2228
2228
2228
2228
2174
2174
2174
2174
2174
2155
2155
2155
2155
2155
2155
2122
2122
2122
2122
2122
2177
2177
2177
2177
2177
2186
2186
2186
2186
2186
2186
2217
2217
2217
2217
2217
2190
2190
2190
2190
2190
2162
2162
2162
2162
2162
2162
2156
2156
2156
2156
2156
2213
2213
2213
2213
2213
2198
2198
2198
2198
2198
2198
2212
2212
2212
2212
2212
2153
2153
2153
2153
2153
2219
2219
2219
2219
2219
2219
2218
2218
2218
2218
2218
2228
2228
2228
2228
2228
2274
2274
2274
2274
2274
2274
2265
2265
2265
2265
2265
2271
2271
2271
2271
2271
2327
2327
2327
2327
2327
2327
2337
2337
2337
2337
2337
2344
2344
2344
2344
2344
2367
2367
2367
2367
2367
2367
2387
2387
2387
2387
2387
2435
2435
2435
2435
2435
2457
2457
2457
2457
2457
2457
2434
2434
2434
2434
2434
2482
2482
2482
2482
2482
2486
2486
2486
2486
2486
2486
2533
2533
2533
2533
2533
2568
2568
2568
2568
2568
2605
2605
2605
2605
2605
2605
2618
2618
2618
2618
2618
2683
2683
2683
2683
2683
2752
2752
2752
2752
2752
2752
2746
2746
2746
2746
2746
2820
2820
2820
2820
2820
2828
2828
2828
2828
2828
2828
2899
2899
2899
2899
2899
2910
2910
2910
2910
2910
2965
2965
2965
2965
2965
2965
2963
2963
2963
2963
2963
3001
3001
3001
3001
3001
3013
3013
3013
3013
3013
3013
3007
3007
3007
3007
3007
3074
3074
3074
3074
3074
3117
3117
3117
3117
3117
3117
3118
3118
3118
3118
3118
3143
3143
3143
3143
3143
3222
3222
3222
3222
3222
3222
3207
3207
3207
3207
3207
3241
3241
3241
3241
3241
3209
3209
3209
3209
3209
3209
3242
3242
3242
3242
3242
3264
3264
3264
3264
3264
3299
3299
3299
3299
3299
3299
3305
3305
3305
3305
3305
3288
3288
3288
3288
3288
3338
3338
3338
3338
3338
3338
3392
3392
3392
3392
3392
3396
3396
3396
3396
3396
3361
3361
3361
3361
3361
3361
3397
3397
3397
3397
3397
3428
3428
3428
3428
3428
3401
3401
3401
3401
3401
3401
3429
3429
3429
3429
3429
3423
3423
3423
3423
3423
3454
3454
3454
3454
3454
3454
3465
3465
3465
3465
3465
3475
3475
3475
3475
3475
3479
3479
3479
3479
3479
3479
3502
3502
3502
3502
3502
3520
3520
3520
3520
3520
3542
3542
3542
3542
3542
3542
3570
3570
3570
3570
3570
3594
3594
3594
3594
3594
3630
3630
3630
3630
3630
3630
3603
3603
3603
3603
3603
3641
3641
3641
3641
3641
3670
3670
3670
3670
3670
3670
3730
3730
3730
3730
3730
3736
3736
3736
3736
3736
3713
3713
3713
3713
3713
3713
3769
3769
3769
3769
3769
3782
3782
3782
3782
3782
3828
3828
3828
3828
3828
3828
3865
3865
3865
3865
3865
3879
3879
3879
3879
3879
3909
3909
3909
3909
3909
3909
3873
3873
3873
3873
3873
3917
3917
3917
3917
3917
3931
3931
3931
3931
3931
3931
4005
4005
4005
4005
4005
3970
3970
3970
3970
3970
3986
3986
3986
3986
3986
3986
4011
4011
4011
4011
4011
4039
4039
4039
4039
4039
4052
4052
4052
4052
4052
4052
4052
4052
4052
4052
4052
4047
4047
4047
4047
4047
4035
4035
4035
4035
4035
4035
4063
4063
4063
4063
4063
4050
4050
4050
4050
4050
4051
4051
4051
4051
4051
4051
4064
4064
4064
4064
4064
4030
4030
4030
4030
4030
4028
4028
4028
4028
4028
4028
4031
4031
4031
4031
4031
4030
4030
4030
4030
4030
4013
4013
4013
4013
4013
4013
3959
3959
3959
3959
3959
3991
3991
3991
3991
3991
3970
3970
3970
3970
3970
3970
3984
3984
3984
3984
3984
3923
3923
3923
3923
3923
3927
3927
3927
3927
3927
3927
3896
3896
3896
3896
3896
3871
3871
3871
3871
3871
3881
3881
3881
3881
3881
3881
3873
3873
3873
3873
3873
3832
3832
3832
3832
3832
3841
3841
3841
3841
3841
3841
3796
3796
3796
3796
3796
3799
3799
3799
3799
3799
3775
3775
3775
3775
3775
3775
3710
3710
3710
3710
3710
3695
3695
3695
3695
3695
3694
3694
3694
3694
3694
3694
3651
3651
3651
3651
3651
3660
3660
3660
3660
3660
3608
3608
3608
3608
3608
3608
3596
3596
3596
3596
3596
3556
3556
3556
3556
3556
3580
3580
3580
3580
3580
3580
3539
3539
3539
3539
3539
3526
3526
3526
3526
3526
3518
3518
3518
3518
3518
3518
3486
3486
3486
3486
3486
3506
3506
3506
3506
3506
3449
3449
3449
3449
3449
3449
3474
3474
3474
3474
3474
3394
3394
3394
3394
3394
3442
3442
3442
3442
3442
3442
3385
3385
3385
3385
3385
3389
3389
3389
3389
3389
3384
3384
3384
3384
3384
3384
3345
3345
3345
3345
3345
3310
3310
3310
3310
3310
3326
3326
3326
3326
3326
3326
3279
3279
3279
3279
3279
3233
3233
3233
3233
3233
3215
3215
3215
3215
3215
3215
3217
3217
3217
3217
3217
3167
3167
3167
3167
3167
3149
3149
3149
3149
3149
3149
3156
3156
3156
3156
3156
3142
3142
3142
3142
3142
3112
3112
3112
3112
3112
3112
3182
3182
3182
3182
3182
3063
3063
3063
3063
3063
3089
3089
3089
3089
3089
3089
3054
3054
3054
3054
3054
3030
3030
3030
3030
3030
3016
3016
3016
3016
3016
3016
2962
2962
2962
2962
2962
2968
2968
2968
2968
2968
2909
2909
2909
2909
2909
2909
2881
2881
2881
2881
2881
2836
2836
2836
2836
2836
2797
2797
2797
2797
2797
2797
2805
2805
2805
2805
2805
2777
2777
2777
2777
2777
2734
2734
2734
2734
2734
2734
2720
2720
2720
2720
2720
2713
2713
2713
2713
2713
2637
2637
2637
2637
2637
2637
2658
2658
2658
2658
2658
2626
2626
2626
2626
2626
2587
2587
2587
2587
2587
2587
2547
2547
2547
2547
2547
2511
2511
2511
2511
2511
2509
2509
2509
2509
2509
2509
2488
2488
2488
2488
2488
2430
2430
2430
2430
2430
2432
2432
2432
2432
2432
2432
2377
2377
2377
2377
2377
2348
2348
2348
2348
2348
2325
2325
2325
2325
2325
2325
2303
2303
2303
2303
2303
2269
2269
2269
2269
2269
2252
2252
2252
2252
2252
2252
2238
2238
2238
2238
2238
2202
2202
2202
2202
2202
2182
2182
2182
2182
2182
2182
2120
2120
2120
2120
2120
2116
2116
2116
2116
2116
2094
2094
2094
2094
2094
2094
2120
2120
2120
2120
2120
2070
2070
2070
2070
2070
2024
2024
2024
2024
2024
2024
2018
2018
2018
2018
2018
1983
1983
1983
1983
1983
1976
1976
1976
1976
1976
1976
1971
1971
1971
1971
1971
1939
1939
1939
1939
1939
1877
1877
1877
1877
1877
1877
1872
1872
1872
1872
1872
1845
1845
1845
1845
1845
1828
1828
1828
1828
1828
1828
1843
1843
1843
1843
1843
1835
1835
1835
1835
1835
1837
1837
1837
1837
1837
1837
1786
1786
1786
1786
1786
1785
1785
1785
1785
1785
1790
1790
1790
1790
1790
1790
1719
1719
1719
1719
1719
1774
1774
1774
1774
1774
1715
1715
1715
1715
1715
1715
1734
1734
1734
1734
1734
1726
1726
1726
1726
1726
1724
1724
1724
1724
1724
1724
1683
1683
1683
1683
1683
1702
1702
1702
1702
1702
1690
1690
1690
1690
1690
1690
1636
1636
1636
1636
1636
1638
1638
1638
1638
1638
1636
1636
1636
1636
1636
1636
1590
1590
1590
1590
1590
1596
1596
1596
1596
1596
1608
1608
1608
1608
1608
1608
1615
1615
1615
1615
1615
1589
1589
1589
1589
1589
1570
1570
1570
1570
1570
1570
1565
1565
1565
1565
1565
1551
1551
1551
1551
1551
1514
1514
1514
1514
1514
1514
1603
1603
1603
1603
1603
1539
1539
1539
1539
1539
1568
1568
1568
1568
1568
1568
1558
1558
1558
1558
1558
1568
1568
1568
1568
1568
1546
1546
1546
1546
1546
1546
1561
1561
1561
1561
1561
1571
1571
1571
1571
1571
1572
1572
1572
1572
1572
1572
1544
1544
1544
1544
1544
1569
1569
1569
1569
1569
1600
1600
1600
1600
1600
1600
1594
1594
1594
1594
1594
1608
1608
1608
1608
1608
1631
1631
1631
1631
1631
1631
1573
1573
1573
1573
1573
1671
1671
1671
1671
1671
1626
1626
1626
1626
1626
1626
1719
1719
1719
1719
1719
1690
1690
1690
1690
1690
1711
1711
1711
1711
1711
1711
1742
1742
1742
1742
1742
1742
1742
1742
1742
1742
1733
1733
1733
1733
1733
1733
1795
1795
1795
1795
1795
1868
1868
1868
1868
1868
1867
1867
1867
1867
1867
1867
1925
1925
1925
1925
1925
1954
1954
1954
1954
1954
1951
1951
1951
1951
1951
1951
2024
2024
2024
2024
2024
2017
2017
2017
2017
2017
2089
2089
2089
2089
2089
2089
2091
2091
2091
2091
2091
2139
2139
2139
2139
2139
2138
2138
2138
2138
2138
2138
2238
2238
2238
2238
2238
2254
2254
2254
2254
2254
2200
2200
2200
2200
2200
2200
2332
2332
2332
2332
2332
2322
2322
2322
2322
2322
2342
2342
2342
2342
2342
2342
2377
2377
2377
2377
2377
2443
2443
2443
2443
2443
2439
2439
2439
2439
2439
2439
2470
2470
2470
2470
2470
2509
2509
2509
2509
2509
2472
2472
2472
2472
2472
2472
2540
2540
2540
2540
2540
2551
2551
2551
2551
2551
2644
2644
2644
2644
2644
2644
2640
2640
2640
2640
2640
2673
2673
2673
2673
2673
2686
2686
2686
2686
2686
2686
2690
2690
2690
2690
2690
2814
2814
2814
2814
2814
2798
2798
2798
2798
2798
2798
2818
2818
2818
2818
2818
2822
2822
2822
2822
2822
2832
2832
2832
2832
2832
2832
2834
2834
2834
2834
2834
2875
2875
2875
2875
2875
2824
2824
2824
2824
2824
2824
2911
2911
2911
2911
2911
2865
2865
2865
2865
2865
2914
2914
2914
2914
2914
2914
2930
2930
2930
2930
2930
2953
2953
2953
2953
2953
3010
3010
3010
3010
3010
3010
3014
3014
3014
3014
3014
3051
3051
3051
3051
3051
3050
3050
3050
3050
3050
3050
3065
3065
3065
3065
3065
3047
3047
3047
3047
3047
3108
3108
3108
3108
3108
3108
3122
3122
3122
3122
3122
3149
3149
3149
3149
3149
3167
3167
3167
3167
3167
3167
3191
3191
3191
3191
3191
3248
3248
3248
3248
3248
3231
3231
3231
3231
3231
3231
3304
3304
3304
3304
3304
3283
3283
3283
3283
3283
3367
3367
3367
3367
3367
3367
3360
3360
3360
3360
3360
3375
3375
3375
3375
3375
3387
3387
3387
3387
3387
3387
3386
3386
3386
3386
3386
3406
3406
3406
3406
3406
3367
3367
3367
3367
3367
3367
3333
3333
3333
3333
3333
3415
3415
3415
3415
3415
3388
3388
3388
3388
3388
3388
3388
3388
3388
3388
3388
3375
3375
3375
3375
3375
3418
3418
3418
3418
3418
3418
3413
3413
3413
3413
3413
3361
3361
3361
3361
3361
3367
3367
3367
3367
3367
3367
3424
3424
3424
3424
3424
3448
3448
3448
3448
3448
3452
3452
3452
3452
3452
3452
3443
3443
3443
3443
3443
3455
3455
3455
3455
3455
3427
3427
3427
3427
3427
3427
3451
3451
3451
3451
3451
3512
3512
3512
3512
3512
3435
3435
3435
3435
3435
3435
3379
3379
3379
3379
3379
3404
3404
3404
3404
3404
3372
3372
3372
3372
3372
3372
3345
3345
3345
3345
3345
3343
3343
3343
3343
3343
3348
3348
3348
3348
3348
3348
3323
3323
3323
3323
3323
3281
3281
3281
3281
3281
3332
3332
3332
3332
3332
3332
3253
3253
3253
3253
3253
3304
3304
3304
3304
3304
3316
3316
3316
3316
3316
3316
3307
3307
3307
3307
3307
3279
3279
3279
3279
3279
3363
3363
3363
3363
3363
3363
3413
3413
3413
3413
3413
3369
3369
3369
3369
3369
3470
3470
3470
3470
3470
3470
3437
3437
3437
3437
3437
3475
3475
3475
3475
3475
3447
3447
3447
3447
3447
3447
3453
3453
3453
3453
3453
3525
3525
3525
3525
3525
3442
3442
3442
3442
3442
3442
3506
3506
3506
3506
3506
3494
3494
3494
3494
3494
3454
3454
3454
3454
3454
3454
3526
3526
3526
3526
3526
3519
3519
3519
3519
3519
3530
3530
3530
3530
3530
3530
3539
3539
3539
3539
3539
3534
3534
3534
3534
3534
3566
3566
3566
3566
3566
3566
3531
3531
3531
3531
3531
3604
3604
3604
3604
3604
3572
3572
3572
3572
3572
3572
3601
3601
3601
3601
3601
3715
3715
3715
3715
3715
3650
3650
3650
3650
3650
3650
3680
3680
3680
3680
3680
3643
3643
3643
3643
3643
3679
3679
3679
3679
3679
3679
3657
3657
3657
3657
3657
3670
3670
3670
3670
3670
3666
3666
3666
3666
3666
3666
3667
3667
3667
3667
3667
3642
3642
3642
3642
3642
3648
3648
3648
3648
3648
3648
3594
3594
3594
3594
3594
3603
3603
3603
3603
3603
3590
3590
3590
3590
3590
3590
3555
3555
3555
3555
3555
3569
3569
3569
3569
3569
3530
3530
3530
3530
3530
3530
3528
3528
3528
3528
3528
3484
3484
3484
3484
3484
3452
3452
3452
3452
3452
3452
3405
3405
3405
3405
3405
3436
3436
3436
3436
3436
3371
3371
3371
3371
3371
3371
3378
3378
3378
3378
3378
3389
3389
3389
3389
3389
3362
3362
3362
3362
3362
3362
3294
3294
3294
3294
3294
3317
3317
3317
3317
3317
3237
3237
3237
3237
3237
3237
3263
3263
3263
3263
3263
3247
3247
3247
3247
3247
3223
3223
3223
3223
3223
3223
3166
3166
3166
3166
3166
3180
3180
3180
3180
3180
3142
3142
3142
3142
3142
3142
3159
3159
3159
3159
3159
3131
3131
3131
3131
3131
3079
3079
3079
3079
3079
3079
3067
3067
3067
3067
3067
3012
3012
3012
3012
3012
3011
3011
3011
3011
3011
3011
3013
3013
3013
3013
3013
2941
2941
2941
2941
2941
2961
2961
2961
2961
2961
2961
2925
2925
2925
2925
2925
2891
2891
2891
2891
2891
2836
2836
2836
2836
2836
2836
2855
2855
2855
2855
2855
2849
2849
2849
2849
2849
2756
2756
2756
2756
2756
2756
2781
2781
2781
2781
2781
2758
2758
2758
2758
2758
2756
2756
2756
2756
2756
2756
2726
2726
2726
2726
2726
2704
2704
2704
2704
2704
2676
2676
2676
2676
2676
2676
2621
2621
2621
2621
2621
2609
2609
2609
2609
2609
2589
2589
2589
2589
2589
2589
2618
2618
2618
2618
2618
2532
2532
2532
2532
2532
2508
2508
2508
2508
2508
2508
2489
2489
2489
2489
2489
2491
2491
2491
2491
2491
2425
2425
2425
2425
2425
2425
2399
2399
2399
2399
2399
2357
2357
2357
2357
2357
2314
2314
2314
2314
2314
2314
2291
2291
2291
2291
2291
2276
2276
2276
2276
2276
2260
2260
2260
2260
2260
2260
2232
2232
2232
2232
2232
2237
2237
2237
2237
2237
2160
2160
2160
2160
2160
2160
2199
2199
2199
2199
2199
2141
2141
2141
2141
2141
2112
2112
2112
2112
2112
2112
2106
2106
2106
2106
2106
2073
2073
2073
2073
2073
2040
2040
2040
2040
2040
2040
2025
2025
2025
2025
2025
2048
2048
2048
2048
2048
1986
1986
1986
1986
1986
1986
1982
1982
1982
1982
1982
1977
1977
1977
1977
1977
1950
1950
1950
1950
1950
1950
1935
1935
1935
1935
1935
1971
1971
1971
1971
1971
1925
1925
1925
1925
1925
1925
1908
1908
1908
1908
1908
1972
1972
1972
1972
1972
1950
1950
1950
1950
1950
1950
1917
1917
1917
1917
1917
1938
1938
1938
1938
1938
1923
1923
1923
1923
1923
1923
1925
1925
1925
1925
1925
1916
1916
1916
1916
1916
1882
1882
1882
1882
1882
1882
1890
1890
1890
1890
1890
1936
1936
1936
1936
1936
1897
1897
1897
1897
1897
1897
1941
1941
1941
1941
1941
1918
1918
1918
1918
1918
1892
1892
1892
1892
1892
1892
1949
1949
1949
1949
1949
1934
1934
1934
1934
1934
1978
1978
1978
1978
1978
1978
2003
2003
2003
2003
2003
1978
1978
1978
1978
1978
2011
2011
2011
2011
2011
2011
2046
2046
2046
2046
2046
2055
2055
2055
2055
2055
2034
2034
2034
2034
2034
2034
2066
2066
2066
2066
2066
2074
2074
2074
2074
2074
2054
2054
2054
2054
2054
2054
2074
2074
2074
2074
2074
2046
2046
2046
2046
2046
2086
2086
2086
2086
2086
2086
2105
2105
2105
2105
2105
2111
2111
2111
2111
2111
2152
2152
2152
2152
2152
2152
2073
2073
2073
2073
2073
2174
2174
2174
2174
2174
2167
2167
2167
2167
2167
2167
2214
2214
2214
2214
2214
2239
2239
2239
2239
2239
2283
2283
2283
2283
2283
2283
2294
2294
2294
2294
2294
2316
2316
2316
2316
2316
2347
2347
2347
2347
2347
2347
2344
2344
2344
2344
2344
2363
2363
2363
2363
2363
2376
2376
2376
2376
2376
2376
2415
2415
2415
2415
2415
2404
2404
2404
2404
2404
2420
2420
2420
2420
2420
2420
2438
2438
2438
2438
2438
2439
2439
2439
2439
2439
2398
2398
2398
2398
2398
2398
2452
2452
2452
2452
2452
2410
2410
2410
2410
2410
2518
2518
2518
2518
2518
2518
2513
2513
2513
2513
2513
2556
2556
2556
2556
2556
2555
2555
2555
2555
2555
2555
2612
2612
2612
2612
2612
2620
2620
2620
2620
2620
2696
2696
2696
2696
2696
2696
2683
2683
2683
2683
2683
2728
2728
2728
2728
2728
2721
2721
2721
2721
2721
2721
2730
2730
2730
2730
2730
2704
2704
2704
2704
2704
2728
2728
2728
2728
2728
2728
2761
2761
2761
2761
2761
2672
2672
2672
2672
2672
2732
2732
2732
2732
2732
2732
2723
2723
2723
2723
2723
2723
2723
2723
2723
2723
2720
2720
2720
2720
2720
2720
2782
2782
2782
2782
2782
2773
2773
2773
2773
2773
2862
2862
2862
2862
2862
2862
2822
2822
2822
2822
2822
2842
2842
2842
2842
2842
2892
2892
2892
2892
2892
2892
2897
2897
2897
2897
2897
2935
2935
2935
2935
2935
2985
2985
2985
2985
2985
2985
3024
3024
3024
3024
3024
2999
2999
2999
2999
2999
2995
2995
2995
2995
2995
2995
3014
3014
3014
3014
3014
3008
3008
3008
3008
3008
2980
2980
2980
2980
2980
2980
3067
3067
3067
3067
3067
2945
2945
2945
2945
2945
3002
3002
3002
3002
3002
3002
3002
3002
3002
3002
3002
3006
3006
3006
3006
3006
3123
3123
3123
3123
3123
3123
3099
3099
3099
3099
3099
3125
3125
3125
3125
3125
3101
3101
3101
3101
3101
3101
3178
3178
3178
3178
3178
3194
3194
3194
3194
3194
3252
3252
3252
3252
3252
3252
3247
3247
3247
3247
3247
3322
3322
3322
3322
3322
3317
3317
3317
3317
3317
3317
3321
3321
3321
3321
3321
3377
3377
3377
3377
3377
3410
3410
3410
3410
3410
3410
3385
3385
3385
3385
3385
3363
3363
3363
3363
3363
3442
3442
3442
3442
3442
3442
3436
3436
3436
3436
3436
3401
3401
3401
3401
3401
3470
3470
3470
3470
3470
3470
3420
3420
3420
3420
3420
3449
3449
3449
3449
3449
3480
3480
3480
3480
3480
3480
3495
3495
3495
3495
3495
3520
3520
3520
3520
3520
3472
3472
3472
3472
3472
3472
3566
3566
3566
3566
3566
3526
3526
3526
3526
3526
3594
3594
3594
3594
3594
3594
3557
3557
3557
3557
3557
3629
3629
3629
3629
3629
3553
3553
3553
3553
3553
3553
3695
3695
3695
3695
3695
3612
3612
3612
3612
3612
3639
3639
3639
3639
3639
3639
3638
3638
3638
3638
3638
3639
3639
3639
3639
3639
3685
3685
3685
3685
3685
3685
3628
3628
3628
3628
3628
3665
3665
3665
3665
3665
3654
3654
3654
3654
3654
3654
3640
3640
3640
3640
3640
3682
3682
3682
3682
3682
3609
3609
3609
3609
3609
3609
3741
3741
3741
3741
3741
3606
3606
3606
3606
3606
3733
3733
3733
3733
3733
3733
3604
3604
3604
3604
3604
3659
3659
3659
3659
3659
3678
3678
3678
3678
3678
3678
3626
3626
3626
3626
3626
3631
3631
3631
3631
3631
3620
3620
3620
3620
3620
3620
3648
3648
3648
3648
3648
3613
3613
3613
3613
3613
3686
3686
3686
3686
3686
3686
3658
3658
3658
3658
3658
3668
3668
3668
3668
3668
3700
3700
3700
3700
3700
3700
3589
3589
3589
3589
3589
3719
3719
3719
3719
3719
3603
3603
3603
3603
3603
3603
3614
3614
3614
3614
3614
3673
3673
3673
3673
3673
3638
3638
3638
3638
3638
3638
3593
3593
3593
3593
3593
3583
3583
3583
3583
3583
3633
3633
3633
3633
3633
3633
3572
3572
3572
3572
3572
3641
3641
3641
3641
3641
3515
3515
3515
3515
3515
3515
3601
3601
3601
3601
3601
3596
3596
3596
3596
3596
3493
3493
3493
3493
3493
3493
3543
3543
3543
3543
3543
3499
3499
3499
3499
3499
3466
3466
3466
3466
3466
3466
3447
3447
3447
3447
3447
3416
3416
3416
3416
3416
3371
3371
3371
3371
3371
3371
3348
3348
3348
3348
3348
3326
3326
3326
3326
3326
3237
3237
3237
3237
3237
3237
3262
3262
3262
3262
3262
3196
3196
3196
3196
3196
3243
3243
3243
3243
3243
3243
3156
3156
3156
3156
3156
3161
3161
3161
3161
3161
3182
3182
3182
3182
3182
3182
3123
3123
3123
3123
3123
3159
3159
3159
3159
3159
3094
3094
3094
3094
3094
3094
3096
3096
3096
3096
3096
3041
3041
3041
3041
3041
3046
3046
3046
3046
3046
3046
2949
2949
2949
2949
2949
2879
2879
2879
2879
2879
2840
2840
2840
2840
2840
2840
2784
2784
2784
2784
2784
2761
2761
2761
2761
2761
2643