3413
3413
3413
3413
3413
3443
3443
3443
3443
3443
3443
3415
3415
3415
3415
3415
3493
3493
3493
3493
3493
3538
3538
3538
3538
3538
3538
3463
3463
3463
3463
3463
3498
3498
3498
3498
3498
3488
3488
3488
3488
3488
3488
3546
3546
3546
3546
3546
3530
3530
3530
3530
3530
3554
3554
3554
3554
3554
3554
3574
3574
3574
3574
3574
3596
3596
3596
3596
3596
3609
3609
3609
3609
3609
3609
3610
3610
3610
3610
3610
3624
3624
3624
3624
3624
3596
3596
3596
3596
3596
3596
3634
3634
3634
3634
3634
3602
3602
3602
3602
3602
3617
3617
3617
3617
3617
3617
3568
3568
3568
3568
3568
3617
3617
3617
3617
3617
3598
3598
3598
3598
3598
3598
3617
3617
3617
3617
3617
3622
3622
3622
3622
3622
3642
3642
3642
3642
3642
3642
3692
3692
3692
3692
3692
3663
3663
3663
3663
3663
3684
3684
3684
3684
3684
3684
3683
3683
3683
3683
3683
3682
3682
3682
3682
3682
3715
3715
3715
3715
3715
3715
3712
3712
3712
3712
3712
3722
3722
3722
3722
3722
3718
3718
3718
3718
3718
3718
3706
3706
3706
3706
3706
3710
3710
3710
3710
3710
3696
3696
3696
3696
3696
3696
3700
3700
3700
3700
3700
3688
3688
3688
3688
3688
3681
3681
3681
3681
3681
3681
3679
3679
3679
3679
3679
3690
3690
3690
3690
3690
3696
3696
3696
3696
3696
3696
3718
3718
3718
3718
3718
3730
3730
3730
3730
3730
3727
3727
3727
3727
3727
3727
3757
3757
3757
3757
3757
3744
3744
3744
3744
3744
3705
3705
3705
3705
3705
3705
3692
3692
3692
3692
3692
3705
3705
3705
3705
3705
3709
3709
3709
3709
3709
3709
3680
3680
3680
3680
3680
3654
3654
3654
3654
3654
3681
3681
3681
3681
3681
3681
3681
3681
3681
3681
3681
3718
3718
3718
3718
3718
3734
3734
3734
3734
3734
3734
3714
3714
3714
3714
3714
3731
3731
3731
3731
3731
3700
3700
3700
3700
3700
3700
3708
3708
3708
3708
3708
3649
3649
3649
3649
3649
3666
3666
3666
3666
3666
3666
3576
3576
3576
3576
3576
3622
3622
3622
3622
3622
3560
3560
3560
3560
3560
3560
3575
3575
3575
3575
3575
3531
3531
3531
3531
3531
3481
3481
3481
3481
3481
3481
3477
3477
3477
3477
3477
3424
3424
3424
3424
3424
3446
3446
3446
3446
3446
3446
3436
3436
3436
3436
3436
3391
3391
3391
3391
3391
3353
3353
3353
3353
3353
3353
3363
3363
3363
3363
3363
3387
3387
3387
3387
3387
3389
3389
3389
3389
3389
3389
3310
3310
3310
3310
3310
3375
3375
3375
3375
3375
3283
3283
3283
3283
3283
3283
3169
3169
3169
3169
3169
3221
3221
3221
3221
3221
3089
3089
3089
3089
3089
3089
3087
3087
3087
3087
3087
3016
3016
3016
3016
3016
2882
2882
2882
2882
2882
2882
2932
2932
2932
2932
2932
2882
2882
2882
2882
2882
2827
2827
2827
2827
2827
2827
2760
2760
2760
2760
2760
2744
2744
2744
2744
2744
2680
2680
2680
2680
2680
2680
2631
2631
2631
2631
2631
2666
2666
2666
2666
2666
2625
2625
2625
2625
2625
2625
2523
2523
2523
2523
2523
2582
2582
2582
2582
2582
2561
2561
2561
2561
2561
2561
2538
2538
2538
2538
2538
2553
2553
2553
2553
2553
2540
2540
2540
2540
2540
2540
2462
2462
2462
2462
2462
2437
2437
2437
2437
2437
2383
2383
2383
2383
2383
2383
2293
2293
2293
2293
2293
2256
2256
2256
2256
2256
2151
2151
2151
2151
2151
2151
2134
2134
2134
2134
2134
2070
2070
2070
2070
2070
2064
2064
2064
2064
2064
2064
2032
2032
2032
2032
2032
2051
2051
2051
2051
2051
2008
2008
2008
2008
2008
2008
2034
2034
2034
2034
2034
2090
2090
2090
2090
2090
2049
2049
2049
2049
2049
2049
2070
2070
2070
2070
2070
2057
2057
2057
2057
2057
2053
2053
2053
2053
2053
2053
2022
2022
2022
2022
2022
1965
1965
1965
1965
1965
1947
1947
1947
1947
1947
1947
1874
1874
1874
1874
1874
1866
1866
1866
1866
1866
1806
1806
1806
1806
1806
1806
1850
1850
1850
1850
1850
1811
1811
1811
1811
1811
1793
1793
1793
1793
1793
1793
1726
1726
1726
1726
1726
1754
1754
1754
1754
1754
1764
1764
1764
1764
1764
1764
1762
1762
1762
1762
1762
1796
1796
1796
1796
1796
1708
1708
1708
1708
1708
1708
1742
1742
1742
1742
1742
1744
1744
1744
1744
1744
1707
1707
1707
1707
1707
1707
1729
1729
1729
1729
1729
1681
1681
1681
1681
1681
1680
1680
1680
1680
1680
1680
1609
1609
1609
1609
1609
1611
1611
1611
1611
1611
1610
1610
1610
1610
1610
1610
1558
1558
1558
1558
1558
1553
1553
1553
1553
1553
1614
1614
1614
1614
1614
1614
1557
1557
1557
1557
1557
1606
1606
1606
1606
1606
1568
1568
1568
1568
1568
1568
1622
1622
1622
1622
1622
1629
1629
1629
1629
1629
1601
1601
1601
1601
1601
1601
1560
1560
1560
1560
1560
1568
1568
1568
1568
1568
1598
1598
1598
1598
1598
1598
1598
1598
1598
1598
1598
1611
1611
1611
1611
1611
1629
1629
1629
1629
1629
1629
1684
1684
1684
1684
1684
1654
1654
1654
1654
1654
1659
1659
1659
1659
1659
1659
1655
1655
1655
1655
1655
1656
1656
1656
1656
1656
1636
1636
1636
1636
1636
1636
1685
1685
1685
1685
1685
1666
1666
1666
1666
1666
1650
1650
1650
1650
1650
1650
1659
1659
1659
1659
1659
1693
1693
1693
1693
1693
1763
1763
1763
1763
1763
1763
1763
1763
1763
1763
1763
1839
1839
1839
1839
1839
1834
1834
1834
1834
1834
1834
1852
1852
1852
1852
1852
1843
1843
1843
1843
1843
1843
1843
1843
1843
1843
1843
1874
1874
1874
1874
1874
1906
1906
1906
1906
1906
1908
1908
1908
1908
1908
1908
1900
1900
1900
1900
1900
1980
1980
1980
1980
1980
2040
2040
2040
2040
2040
2040
2051
2051
2051
2051
2051
2116
2116
2116
2116
2116
2048
2048
2048
2048
2048
2048
2072
2072
2072
2072
2072
2100
2100
2100
2100
2100
2030
2030
2030
2030
2030
2030
2058
2058
2058
2058
2058
2089
2089
2089
2089
2089
2070
2070
2070
2070
2070
2070
2116
2116
2116
2116
2116
2073
2073
2073
2073
2073
2193
2193
2193
2193
2193
2193
2191
2191
2191
2191
2191
2217
2217
2217
2217
2217
2188
2188
2188
2188
2188
2188
2206
2206
2206
2206
2206
2217
2217
2217
2217
2217
2249
2249
2249
2249
2249
2249
2307
2307
2307
2307
2307
2332
2332
2332
2332
2332
2349
2349
2349
2349
2349
2349
2430
2430
2430
2430
2430
2417
2417
2417
2417
2417
2481
2481
2481
2481
2481
2481
2420
2420
2420
2420
2420
2462
2462
2462
2462
2462
2431
2431
2431
2431
2431
2431
2369
2369
2369
2369
2369
2386
2386
2386
2386
2386
2296
2296
2296
2296
2296
2296
2318
2318
2318
2318
2318
2342
2342
2342
2342
2342
2369
2369
2369
2369
2369
2369
2444
2444
2444
2444
2444
2471
2471
2471
2471
2471
2524
2524
2524
2524
2524
2524
2581
2581
2581
2581
2581
2657
2657
2657
2657
2657
2676
2676
2676
2676
2676
2676
2701
2701
2701
2701
2701
2758
2758
2758
2758
2758
2713
2713
2713
2713
2713
2713
2761
2761
2761
2761
2761
2818
2818
2818
2818
2818
2743
2743
2743
2743
2743
2743
2832
2832
2832
2832
2832
2811
2811
2811
2811
2811
2794
2794
2794
2794
2794
2794
2810
2810
2810
2810
2810
2789
2789
2789
2789
2789
2839
2839
2839
2839
2839
2839
2836
2836
2836
2836
2836
2910
2910
2910
2910
2910
2898
2898
2898
2898
2898
2898
2946
2946
2946
2946
2946
2970
2970
2970
2970
2970
3076
3076
3076
3076
3076
3076
3111
3111
3111
3111
3111
3137
3137
3137
3137
3137
3126
3126
3126
3126
3126
3126
3150
3150
3150
3150
3150
3149
3149
3149
3149
3149
3220
3220
3220
3220
3220
3220
3225
3225
3225
3225
3225
3191
3191
3191
3191
3191
3214
3214
3214
3214
3214
3214
3229
3229
3229
3229
3229
3238
3238
3238
3238
3238
3238
3238
3238
3238
3238
3238
3260
3260
3260
3260
3260
3244
3244
3244
3244
3244
3297
3297
3297
3297
3297
3297
3264
3264
3264
3264
3264
3281
3281
3281
3281
3281
3356
3356
3356
3356
3356
3356
3347
3347
3347
3347
3347
3358
3358
3358
3358
3358
3453
3453
3453
3453
3453
3453
3422
3422
3422
3422
3422
3431
3431
3431
3431
3431
3414
3414
3414
3414
3414
3414
3345
3345
3345
3345
3345
3345
3345
3345
3345
3345
3301
3301
3301
3301
3301
3301
3280
3280
3280
3280
3280
3232
3232
3232
3232
3232
3293
3293
3293
3293
3293
3293
3196
3196
3196
3196
3196
3268
3268
3268
3268
3268
3265
3265
3265
3265
3265
3265
3253
3253
3253
3253
3253
3290
3290
3290
3290
3290
3319
3319
3319
3319
3319
3319
3289
3289
3289
3289
3289
3336
3336
3336
3336
3336
3307
3307
3307
3307
3307
3307
3326
3326
3326
3326
3326
3345
3345
3345
3345
3345
3297
3297
3297
3297
3297
3297
3326
3326
3326
3326
3326
3248
3248
3248
3248
3248
3226
3226
3226
3226
3226
3226
3207
3207
3207
3207
3207
3177
3177
3177
3177
3177
3149
3149
3149
3149
3149
3149
3092
3092
3092
3092
3092
3099
3099
3099
3099
3099
3080
3080
3080
3080
3080
3080
3047
3047
3047
3047
3047
3094
3094
3094
3094
3094
3045
3045
3045
3045
3045
3045
3072
3072
3072
3072
3072
3064
3064
3064
3064
3064
3073
3073
3073
3073
3073
3073
3039
3039
3039
3039
3039
3094
3094
3094
3094
3094
3119
3119
3119
3119
3119
3119
3113
3113
3113
3113
3113
3049
3049
3049
3049
3049
3031
3031
3031
3031
3031
3031
3049
3049
3049
3049
3049
3015
3015
3015
3015
3015
2986
2986
2986
2986
2986
2986
3029
3029
3029
3029
3029
2949
2949
2949
2949
2949
2950
2950
2950
2950
2950
2950
2918
2918
2918
2918
2918
2873
2873
2873
2873
2873
2894
2894
2894
2894
2894
2894
2768
2768
2768
2768
2768
2776
2776
2776
2776
2776
2744
2744
2744
2744
2744
2744
2718
2718
2718
2718
2718
2729
2729
2729
2729
2729
2747
2747
2747
2747
2747
2747
2703
2703
2703
2703
2703
2766
2766
2766
2766
2766
2725
2725
2725
2725
2725
2725
2690
2690
2690
2690
2690
2674
2674
2674
2674
2674
2627
2627
2627
2627
2627
2627
2614
2614
2614
2614
2614
2620
2620
2620
2620
2620
2580
2580
2580
2580
2580
2580
2570
2570
2570
2570
2570
2551
2551
2551
2551
2551
2575
2575
2575
2575
2575
2575
2512
2512
2512
2512
2512
2561
2561
2561
2561
2561
2537
2537
2537
2537
2537
2537
2512
2512
2512
2512
2512
2459
2459
2459
2459
2459
2429
2429
2429
2429
2429
2429
2418
2418
2418
2418
2418
2412
2412
2412
2412
2412
2405
2405
2405
2405
2405
2405
2405
2405
2405
2405
2405
2353
2353
2353
2353
2353
2373
2373
2373
2373
2373
2373
2401
2401
2401
2401
2401
2460
2460
2460
2460
2460
2466
2466
2466
2466
2466
2466
2428
2428
2428
2428
2428
2451
2451
2451
2451
2451
2454
2454
2454
2454
2454
2454
2483
2483
2483
2483
2483
2493
2493
2493
2493
2493
2514
2514
2514
2514
2514
2514
2515
2515
2515
2515
2515
2549
2549
2549
2549
2549
2489
2489
2489
2489
2489
2489
2566
2566
2566
2566
2566
2536
2536
2536
2536
2536
2569
2569
2569
2569
2569
2569
2540
2540
2540
2540
2540
2527
2527
2527
2527
2527
2567
2567
2567
2567
2567
2567
2519
2519
2519
2519
2519
2510
2510
2510
2510
2510
2539
2539
2539
2539
2539
2539
2566
2566
2566
2566
2566
2607
2607
2607
2607
2607
2617
2617
2617
2617
2617
2617
2631
2631
2631
2631
2631
2634
2634
2634
2634
2634
2642
2642
2642
2642
2642
2642
2735
2735
2735
2735
2735
2717
2717
2717
2717
2717
2756
2756
2756
2756
2756
2756
2709
2709
2709
2709
2709
2770
2770
2770
2770
2770
2769
2769
2769
2769
2769
2769
2754
2754
2754
2754
2754
2763
2763
2763
2763
2763
2745
2745
2745
2745
2745
2745
2746
2746
2746
2746
2746
2706
2706
2706
2706
2706
2735
2735
2735
2735
2735
2735
2741
2741
2741
2741
2741
2764
2764
2764
2764
2764
2687
2687
2687
2687
2687
2687
2713
2713
2713
2713
2713
2720
2720
2720
2720
2720
2714
2714
2714
2714
2714
2714
2737
2737
2737
2737
2737
2759
2759
2759
2759
2759
2809
2809
2809
2809
2809
2809
2795
2795
2795
2795
2795
2821
2821
2821
2821
2821
2862
2862
2862
2862
2862
2862
2914
2914
2914
2914
2914
2873
2873
2873
2873
2873
2910
2910
2910
2910
2910
2910
2905
2905
2905
2905
2905
2849
2849
2849
2849
2849
2833
2833
2833
2833
2833
2833
2843
2843
2843
2843
2843
2842
2842
2842
2842
2842
2805
2805
2805
2805
2805
2805
2840
2840
2840
2840
2840
2827
2827
2827
2827
2827
2800
2800
2800
2800
2800
2800
2820
2820
2820
2820
2820
2817
2817
2817
2817
2817
2826
2826
2826
2826
2826
2826
2881
2881
2881
2881
2881
2903
2903
2903
2903
2903
2973
2973
2973
2973
2973
2973
2927
2927
2927
2927
2927
2948
2948
2948
2948
2948
2969
2969
2969
2969
2969
2969
2985
2985
2985
2985
2985
2992
2992
2992
2992
2992
2965
2965
2965
2965
2965
2965
2929
2929
2929
2929
2929
2995
2995
2995
2995
2995
2925
2925
2925
2925
2925
2925
2915
2915
2915
2915
2915
2915
2915
2915
2915
2915
2902
2902
2902
2902
2902
2902
2884
2884
2884
2884
2884
2826
2826
2826
2826
2826
2834
2834
2834
2834
2834
2834
2786
2786
2786
2786
2786
2793
2793
2793
2793
2793
2762
2762
2762
2762
2762
2762
2765
2765
2765
2765
2765
2758
2758
2758
2758
2758
2786
2786
2786
2786
2786
2786
2796
2796
2796
2796
2796
2857
2857
2857
2857
2857
2817
2817
2817
2817
2817
2817
2813
2813
2813
2813
2813
2870
2870
2870
2870
2870
2819
2819
2819
2819
2819
2819
2803
2803
2803
2803
2803
2787
2787
2787
2787
2787
2752
2752
2752
2752
2752
2752
2708
2708
2708
2708
2708
2663
2663
2663
2663
2663
2673
2673
2673
2673
2673
2673
2667
2667
2667
2667
2667
2651
2651
2651
2651
2651
2612
2612
2612
2612
2612
2612
2575
2575
2575
2575
2575
2612
2612
2612
2612
2612
2575
2575
2575
2575
2575
2575
2508
2508
2508
2508
2508
2502
2502
2502
2502
2502
2544
2544
2544
2544
2544
2544
2545
2545
2545
2545
2545
2545
2545
2545
2545
2545
2563
2563
2563
2563
2563
2563
2552
2552
2552
2552
2552
2603
2603
2603
2603
2603
2643
2643
2643
2643
2643
2643
2570
2570
2570
2570
2570
2609
2609
2609
2609
2609
2542
2542
2542
2542
2542
2542
2584
2584
2584
2584
2584
2579
2579
2579
2579
2579
2611
2611
2611
2611
2611
2611
2580
2580
2580
2580
2580
2559
2559
2559
2559
2559
2610
2610
2610
2610
2610
2610
2588
2588
2588
2588
2588
2576
2576
2576
2576
2576
2584
2584
2584
2584
2584
2584
2543
2543
2543
2543
2543
2535
2535
2535
2535
2535
2517
2517
2517
2517
2517
2517
2504
2504
2504
2504
2504
2520
2520
2520
2520
2520
2530
2530
2530
2530
2530
2530
2559
2559
2559
2559
2559
2577
2577
2577
2577
2577
2538
2538
2538
2538
2538
2538
2532
2532
2532
2532
2532
2585
2585
2585
2585
2585
2569
2569
2569
2569
2569
2569
2546
2546
2546
2546
2546
2585
2585
2585
2585
2585
2545
2545
2545
2545
2545
2545
2571
2571
2571
2571
2571
2555
2555
2555
2555
2555
2597
2597
2597
2597
2597
2597
2660
2660
2660
2660
2660
2663
2663
2663
2663
2663
2718
2718
2718
2718
2718
2718
2689
2689
2689
2689
2689
2703
2703
2703
2703
2703
2688
2688
2688
2688
2688
2688
2651
2651
2651
2651
2651
2658
2658
2658
2658
2658
2584
2584
2584
2584
2584
2584
2559
2559
2559
2559
2559
2542
2542
2542
2542
2542
2536
2536
2536
2536
2536
2536
2516
2516
2516
2516
2516
2574
2574
2574
2574
2574
2577
2577
2577
2577
2577
2577
2592
2592
2592
2592
2592
2594
2594
2594
2594
2594
2576
2576
2576
2576
2576
2576
2590
2590
2590
2590
2590
2616
2616
2616
2616
2616
2654
2654
2654
2654
2654
2654
2690
2690
2690
2690
2690
2734
2734
2734
2734
2734
2781
2781
2781
2781
2781
2781
2788
2788
2788
2788
2788
2832
2832
2832
2832
2832
2883
2883
2883
2883
2883
2883
2836
2836
2836
2836
2836
2825
2825
2825
2825
2825
2717
2717
2717
2717
2717
2717
2702
2702
2702
2702
2702
2623
2623
2623
2623
2623
2640
2640
2640
2640
2640
2640
2633
2633
2633
2633
2633
2593
2593
2593
2593
2593
2555
2555
2555
2555
2555
2555
2618
2618
2618
2618
2618
2636
2636
2636
2636
2636
2668
2668
2668
2668
2668
2668
2700
2700
2700
2700
2700
2705
2705
2705
2705
2705
2780
2780
2780
2780
2780
2780
2823
2823
2823
2823
2823
2864
2864
2864
2864
2864
2915
2915
2915
2915
2915
2915
2923
2923
2923
2923
2923
2968
2968
2968
2968
2968
2961
2961
2961
2961
2961
2961
2979
2979
2979
2979
2979
3052
3052
3052
3052
3052
3006
3006
3006
3006
3006
3006
2990
2990
2990
2990
2990
2976
2976
2976
2976
2976
2965
2965
2965
2965
2965
2965
2967
2967
2967
2967
2967
2955
2955
2955
2955
2955
2984
2984
2984
2984
2984
2984
2970
2970
2970
2970
2970
2995
2995
2995
2995
2995
2981
2981
2981
2981
2981
2981
3076
3076
3076
3076
3076
3035
3035
3035
3035
3035
3129
3129
3129
3129
3129
3129
3158
3158
3158
3158
3158
3175
3175
3175
3175
3175
3219
3219
3219
3219
3219
3219
3290
3290
3290
3290
3290
3271
3271
3271
3271
3271
3363
3363
3363
3363
3363
3363
3396
3396
3396
3396
3396
3368
3368
3368
3368
3368
3409
3409
3409
3409
3409
3409
3463
3463
3463
3463
3463
3439
3439
3439
3439
3439
3390
3390
3390
3390
3390
3390
3370
3370
3370
3370
3370
3355
3355
3355
3355
3355
3365
3365
3365
3365
3365
3365
3352
3352
3352
3352
3352
3330
3330
3330
3330
3330
3339
3339
3339
3339
3339
3339
3343
3343
3343
3343
3343
3373
3373
3373
3373
3373
3427
3427
3427
3427
3427
3427
3454
3454
3454
3454
3454
3406
3406
3406
3406
3406
3457
3457
3457
3457
3457
3457
3451
3451
3451
3451
3451
3498
3498
3498
3498
3498
3460
3460
3460
3460
3460
3460
3508
3508
3508
3508
3508
3490
3490
3490
3490
3490
3540
3540
3540
3540
3540
3540
3550
3550
3550
3550
3550
3526
3526
3526
3526
3526
3528
3528
3528
3528
3528
3528
3554
3554
3554
3554
3554
3506
3506
3506
3506
3506
3548
3548
3548
3548
3548
3548
3498
3498
3498
3498
3498
3556
3556
3556
3556
3556
3501
3501
3501
3501
3501
3501
3526
3526
3526
3526
3526
3480
3480
3480
3480
3480
3453
3453
3453
3453
3453
3453
3496
3496
3496
3496
3496
3512
3512
3512
3512
3512
3506
3506
3506
3506
3506
3506
3566
3566
3566
3566
3566
3585
3585
3585
3585
3585
3530
3530
3530
3530
3530
3530
3541
3541
3541
3541
3541
3573
3573
3573
3573
3573
3552
3552
3552
3552
3552
3552
3559
3559
3559
3559
3559
3537
3537
3537
3537
3537
3572
3572
3572
3572
3572
3572
3538
3538
3538
3538
3538
3505
3505
3505
3505
3505
3545
3545
3545
3545
3545
3545
3503
3503
3503
3503
3503
3461
3461
3461
3461
3461
3486
3486
3486
3486
3486
3486
3463
3463
3463
3463
3463
3405
3405
3405
3405
3405
3376
3376
3376
3376
3376
3376
3347
3347
3347
3347
3347
3337
3337
3337
3337
3337
3309
3309
3309
3309
3309
3309
3288
3288
3288
3288
3288
3231
3231
3231
3231
3231
3304
3304
3304
3304
3304
3304
3223
3223
3223
3223
3223
3190
3190
3190
3190
3190
3166
3166
3166
3166
3166
3166
3131
3131
3131
3131
3131
3114
3114
3114
3114
3114
3078
3078
3078
3078
3078
3078
3099
3099
3099
3099
3099
3043
3043
3043
3043
3043
2979
2979
2979
2979
2979
2979
2939
2939
2939
2939
2939
2936
2936
2936
2936
2936
2932
2932
2932
2932
2932
2932
2876
2876
2876
2876
2876
2864
2864
2864
2864
2864
2886
2886
2886
2886
2886
2886
2857
2857
2857
2857
2857
2833
2833
2833
2833
2833
2809
2809
2809
2809
2809
2809
2795
2795
2795
2795
2795
2759
2759
2759
2759
2759
2680
2680
2680
2680
2680
2680
2662
2662
2662
2662
2662
2646
2646
2646
2646
2646
2627
2627
2627
2627
2627
2627
2584
2584
2584
2584
2584
2598
2598
2598
2598
2598
2584
2584
2584
2584
2584
2584
2596
2596
2596
2596
2596
2568
2568
2568
2568
2568
2598
2598
2598
2598
2598
2598
2556
2556
2556
2556
2556
2581
2581
2581
2581
2581
2561
2561
2561
2561
2561
2561
2573
2573
2573
2573
2573
2554
2554
2554
2554
2554
2568
2568
2568
2568
2568
2568
2523
2523
2523
2523
2523
2542
2542
2542
2542
2542
2482
2482
2482
2482
2482
2482
2515
2515
2515
2515
2515
2510
2510
2510
2510
2510
2438
2438
2438
2438
2438
2438
2388
2388
2388
2388
2388
2420
2420
2420
2420
2420
2361
2361
2361
2361
2361
2361
2339
2339
2339
2339
2339
2318
2318
2318
2318
2318
2289
2289
2289
2289
2289
2289
2293
2293
2293
2293
2293
2291
2291
2291
2291
2291
2395
2395
2395
2395
2395
2395
2271
2271
2271
2271
2271
2384
2384
2384
2384
2384
2382
2382
2382
2382
2382
2382
2344
2344
2344
2344
2344
2413
2413
2413
2413
2413
2383
2383
2383
2383
2383
2383
2369
2369
2369
2369
2369
2375
2375
2375
2375
2375
2357
2357
2357
2357
2357
2357
2326
2326
2326
2326
2326
2286
2286
2286
2286
2286
2274
2274
2274
2274
2274
2274
2174
2174
2174
2174
2174
2154
2154
2154
2154
2154
2163
2163
2163
2163
2163
2163
2109
2109
2109
2109
2109
2159
2159
2159
2159
2159
2147
2147
2147
2147
2147
2147
2114
2114
2114
2114
2114
2156
2156
2156
2156
2156
2170
2170
2170
2170
2170
2170
2212
2212
2212
2212
2212
2271
2271
2271
2271
2271
2276
2276
2276
2276
2276
2276
2315
2315
2315
2315
2315
2290
2290
2290
2290
2290
2292
2292
2292
2292
2292
2292
2241
2241
2241
2241
2241
2272
2272
2272
2272
2272
2264
2264
2264
2264
2264
2264
2203
2203
2203
2203
2203
2178
2178
2178
2178
2178
2215
2215
2215
2215
2215
2215
2128
2128
2128
2128
2128
2135
2135
2135
2135
2135
2116
2116
2116
2116
2116
2116
2083
2083
2083
2083
2083
2139
2139
2139
2139
2139
2135
2135
2135
2135
2135
2135
2184
2184
2184
2184
2184
2167
2167
2167
2167
2167
2166
2166
2166
2166
2166
2166
2180
2180
2180
2180
2180
2238
2238
2238
2238
2238
2247
2247
2247
2247
2247
2247
2241
2241
2241
2241
2241
2247
2247
2247
2247
2247
2246
2246
2246
2246
2246
2246
2251
2251
2251
2251
2251
2245
2245
2245
2245
2245
2292
2292
2292
2292
2292
2292
2212
2212
2212
2212
2212
2287
2287
2287
2287
2287
2204
2204
2204
2204
2204
2204
2232
2232
2232
2232
2232
2191
2191
2191
2191
2191
2208
2208
2208
2208
2208
2208
2213
2213
2213
2213
2213
2251
2251
2251
2251
2251
2307
2307
2307
2307
2307
2307
2271
2271
2271
2271
2271
2336
2336
2336
2336
2336
2293
2293
2293
2293
2293
2293
2333
2333
2333
2333
2333
2383
2383
2383
2383
2383
2394
2394
2394
2394
2394
2394
2454
2454
2454
2454
2454
2484
2484
2484
2484
2484
2468
2468
2468
2468
2468
2468
2489
2489
2489
2489
2489
2496
2496
2496
2496
2496
2456
2456
2456
2456
2456
2456
2498
2498
2498
2498
2498
2470
2470
2470
2470
2470
2532
2532
2532
2532
2532
2532
2523
2523
2523
2523
2523
2545
2545
2545
2545
2545
2567
2567
2567
2567
2567
2567
2597
2597
2597
2597
2597
2655
2655
2655
2655
2655
2694
2694
2694
2694
2694
2694
2734
2734
2734
2734
2734
2698
2698
2698
2698
2698
2772
2772
2772
2772
2772
2772
2770
2770
2770
2770
2770
2787
2787
2787
2787
2787
2862
2862
2862
2862
2862
2862
2801
2801
2801
2801
2801
2806
2806
2806
2806
2806
2812
2812
2812
2812
2812
2812
2897
2897
2897
2897
2897
2826
2826
2826
2826
2826
2822
2822
2822
2822
2822
2822
2803
2803
2803
2803
2803
2812
2812
2812
2812
2812
2860
2860
2860
2860
2860
2860
2914
2914
2914
2914
2914
2885
2885
2885
2885
2885
2954
2954
2954
2954
2954
2954
2945
2945
2945
2945
2945
2967
2967
2967
2967
2967
3072
3072
3072
3072
3072
3072
3065
3065
3065
3065
3065
3120
3120
3120
3120
3120
3139
3139
3139
3139
3139
3139
3102
3102
3102
3102
3102
3200
3200
3200
3200
3200
3159
3159
3159
3159
3159
3159
3172
3172
3172
3172
3172
3127
3127
3127
3127
3127
3154
3154
3154
3154
3154
3154
3071
3071
3071
3071
3071
3095
3095
3095
3095
3095
3097
3097
3097
3097
3097
3097
3144
3144
3144
3144
3144
3120
3120
3120
3120
3120
3207
3207
3207
3207
3207
3207
3223
3223
3223
3223
3223
3227
3227
3227
3227
3227
3248
3248
3248
3248
3248
3248
3286
3286
3286
3286
3286
3269
3269
3269
3269
3269
3326
3326
3326
3326
3326
3326
3354
3354
3354
3354
3354
3374
3374
3374
3374
3374
3407
3407
3407
3407
3407
3407
3473
3473
3473
3473
3473
3428
3428
3428
3428
3428
3484
3484
3484
3484
3484
3484
3413
3413
3413
3413
3413
3363
3363
3363
3363
3363
3344
3344
3344
3344
3344
3344
3310
3310
3310
3310
3310
3258
3258
3258
3258
3258
3222
3222
3222
3222
3222
3222
3255
3255
3255
3255
3255
3247
3247
3247
3247
3247
3230
3230
3230
3230
3230
3230
3291
3291
3291
3291
3291
3310
3310
3310
3310
3310
3321
3321
3321
3321
3321
3321
3314
3314
3314
3314
3314
3352
3352
3352
3352
3352
3325
3325
3325
3325
3325
3325
3269
3269
3269
3269
3269
3304
3304
3304
3304
3304
3255
3255
3255
3255
3255
3255
3273
3273
3273
3273
3273
3226
3226
3226
3226
3226
3232
3232
3232
3232
3232
3232
3171
3171
3171
3171
3171
3150
3150
3150
3150
3150
3069
3069
3069
3069
3069
3069
3039
3039
3039
3039
3039
3025
3025
3025
3025
3025
2997
2997
2997
2997
2997
2997
2999
2999
2999
2999
2999
2958
2958
2958
2958
2958
2923
2923
2923
2923
2923
2923
2927
2927
2927
2927
2927
2917
2917
2917
2917
2917
2926
2926
2926
2926
2926
2926
2862
2862
2862
2862
2862
2922
2922
2922
2922
2922
2896
2896
2896
2896
2896
2896
2886
2886
2886
2886
2886
2926
2926
2926
2926
2926
2953
2953
2953
2953
2953
2953
2892
2892
2892
2892
2892
2909
2909
2909
2909
2909
2872
2872
2872
2872
2872
2872
2834
2834
2834
2834
2834
2847
2847
2847
2847
2847
2750
2750
2750
2750
2750
2750
2767
2767
2767
2767
2767
2762
2762
2762
2762
2762
2711
2711
2711
2711
2711
2711
2721
2721
2721
2721
2721
2707
2707
2707
2707
2707
2716
2716
2716
2716
2716
2716
2685
2685
2685
2685
2685
2707
2707
2707
2707
2707
2740
2740
2740
2740
2740
2740
2740
2740
2740
2740
2740
2755
2755
2755
2755
2755
2804
2804
2804
2804
2804
2804
2783
2783
2783
2783
2783
2787
2787
2787
2787
2787
2829
2829
2829
2829
2829
2829
2782
2782
2782
2782
2782
2785
2785
2785
2785
2785
2761
2761
2761
2761
2761
2761
2721
2721
2721
2721
2721
2701
2701
2701
2701
2701
2694
2694
2694
2694
2694
2694
2662
2662
2662
2662
2662
2679
2679
2679
2679
2679
2655
2655
2655
2655
2655
2655
2688
2688
2688
2688
2688
2700
2700
2700
2700
2700
2678
2678
2678
2678
2678
2678
2691
2691
2691
2691
2691
2683
2683
2683
2683
2683
2704
2704
2704
2704
2704
2704
2749
2749
2749
2749
2749
2734
2734
2734
2734
2734
2778
2778
2778
2778
2778
2778
2788
2788
2788
2788
2788
2802
2802
2802
2802
2802
2787
2787
2787
2787
2787
2787
2800
2800
2800
2800
2800
2834
2834
2834
2834
2834
2786
2786
2786
2786
2786
2786
2759
2759
2759
2759
2759
2723
2723
2723
2723
2723
2700
2700
2700
2700
2700
2700
2735
2735
2735
2735
2735
2704
2704
2704
2704
2704
2651
2651
2651
2651
2651
2651
2670
2670
2670
2670
2670
2654
2654
2654
2654
2654
2679
2679
2679
2679
2679
2679
2703
2703
2703
2703
2703
2709
2709
2709
2709
2709
2727
2727
2727
2727
2727
2727
2756
2756
2756
2756
2756
2753
2753
2753
2753
2753
2830
2830
2830
2830
2830
2830
2777
2777
2777
2777
2777
2830
2830
2830
2830
2830
2857
2857
2857
2857
2857
2857
2850
2850
2850
2850
2850
2821
2821
2821
2821
2821
2840
2840
2840
2840
2840
2840
2812
2812
2812
2812
2812
2772
2772
2772
2772
2772
2726
2726
2726
2726
2726
2726
2684
2684
2684
2684
2684
2610
2610
2610
2610
2610
2620
2620
2620
2620
2620
2620
2605
2605
2605
2605
2605
2643
2643
2643
2643
2643
2655
2655
2655
2655
2655
2655
2624
2624
2624
2624
2624
2648
2648
2648
2648
2648
2686
2686
2686
2686
2686
2686
2697
2697
2697
2697
2697
2725
2725
2725
2725
2725
2705
2705
2705
2705
2705
2705
2719
2719
2719
2719
2719
2699
2699
2699
2699
2699
2715
2715
2715
2715
2715
2715
2714
2714
2714
2714
2714
2737
2737
2737
2737
2737
2738
2738
2738
2738
2738
2738
2758
2758
2758
2758
2758
2723
2723
2723
2723
2723
2659
2659
2659
2659
2659
2659
2704
2704
2704
2704
2704
2591
2591
2591
2591
2591
2615
2615
2615
2615
2615
2615
2580
2580
2580
2580
2580
2535
2535
2535
2535
2535
2521
2521