2758
2758
2758
2758
2758
2746
2746
2746
2746
2746
2723
2723
2723
2723
2723
2723
2717
2717
2717
2717
2717
2725
2725
2725
2725
2725
2761
2761
2761
2761
2761
2761
2722
2722
2722
2722
2722
2740
2740
2740
2740
2740
2699
2699
2699
2699
2699
2699
2784
2784
2784
2784
2784
2751
2751
2751
2751
2751
2827
2827
2827
2827
2827
2827
2772
2772
2772
2772
2772
2717
2717
2717
2717
2717
2754
2754
2754
2754
2754
2754
2744
2744
2744
2744
2744
2734
2734
2734
2734
2734
2793
2793
2793
2793
2793
2793
2766
2766
2766
2766
2766
2765
2765
2765
2765
2765
2732
2732
2732
2732
2732
2732
2717
2717
2717
2717
2717
2727
2727
2727
2727
2727
2717
2717
2717
2717
2717
2717
2743
2743
2743
2743
2743
2780
2780
2780
2780
2780
2723
2723
2723
2723
2723
2723
2739
2739
2739
2739
2739
2762
2762
2762
2762
2762
2693
2693
2693
2693
2693
2693
2729
2729
2729
2729
2729
2732
2732
2732
2732
2732
2746
2746
2746
2746
2746
2746
2704
2704
2704
2704
2704
2684
2684
2684
2684
2684
2699
2699
2699
2699
2699
2699
2729
2729
2729
2729
2729
2761
2761
2761
2761
2761
2736
2736
2736
2736
2736
2736
2751
2751
2751
2751
2751
2761
2761
2761
2761
2761
2732
2732
2732
2732
2732
2732
2758
2758
2758
2758
2758
2778
2778
2778
2778
2778
2715
2715
2715
2715
2715
2715
2743
2743
2743
2743
2743
2736
2736
2736
2736
2736
2702
2702
2702
2702
2702
2702
2746
2746
2746
2746
2746
2750
2750
2750
2750
2750
2756
2756
2756
2756
2756
2756
2741
2741
2741
2741
2741
2743
2743
2743
2743
2743
2752
2752
2752
2752
2752
2752
2740
2740
2740
2740
2740
2760
2760
2760
2760
2760
2726
2726
2726
2726
2726
2726
2754
2754
2754
2754
2754
2763
2763
2763
2763
2763
2734
2734
2734
2734
2734
2734
2697
2697
2697
2697
2697
2764
2764
2764
2764
2764
2727
2727
2727
2727
2727
2727
2727
2727
2727
2727
2727
2755
2755
2755
2755
2755
2767
2767
2767
2767
2767
2767
2739
2739
2739
2739
2739
2737
2737
2737
2737
2737
2799
2799
2799
2799
2799
2799
2767
2767
2767
2767
2767
2742
2742
2742
2742
2742
2762
2762
2762
2762
2762
2762
2758
2758
2758
2758
2758
2776
2776
2776
2776
2776
2810
2810
2810
2810
2810
2810
2736
2736
2736
2736
2736
2787
2787
2787
2787
2787
2751
2751
2751
2751
2751
2751
2728
2728
2728
2728
2728
2735
2735
2735
2735
2735
2731
2731
2731
2731
2731
2731
2771
2771
2771
2771
2771
2794
2794
2794
2794
2794
2751
2751
2751
2751
2751
2751
2798
2798
2798
2798
2798
2760
2760
2760
2760
2760
2783
2783
2783
2783
2783
2783
2757
2757
2757
2757
2757
2755
2755
2755
2755
2755
2783
2783
2783
2783
2783
2783
2761
2761
2761
2761
2761
2756
2756
2756
2756
2756
2756
2756
2756
2756
2756
2756
2742
2742
2742
2742
2742
2764
2764
2764
2764
2764
2767
2767
2767
2767
2767
2767
2761
2761
2761
2761
2761
2743
2743
2743
2743
2743
2775
2775
2775
2775
2775
2775
2806
2806
2806
2806
2806
2795
2795
2795
2795
2795
2800
2800
2800
2800
2800
2800
2723
2723
2723
2723
2723
2743
2743
2743
2743
2743
2762
2762
2762
2762
2762
2762
2733
2733
2733
2733
2733
2754
2754
2754
2754
2754
2741
2741
2741
2741
2741
2741
2774
2774
2774
2774
2774
2752
2752
2752
2752
2752
2775
2775
2775
2775
2775
2775
2764
2764
2764
2764
2764
2778
2778
2778
2778
2778
2749
2749
2749
2749
2749
2749
2799
2799
2799
2799
2799
2754
2754
2754
2754
2754
2788
2788
2788
2788
2788
2788
2782
2782
2782
2782
2782
2822
2822
2822
2822
2822
2743
2743
2743
2743
2743
2743
2782
2782
2782
2782
2782
2792
2792
2792
2792
2792
2791
2791
2791
2791
2791
2791
2752
2752
2752
2752
2752
2753
2753
2753
2753
2753
2741
2741
2741
2741
2741
2741
2759
2759
2759
2759
2759
2716
2716
2716
2716
2716
2762
2762
2762
2762
2762
2762
2713
2713
2713
2713
2713
2756
2756
2756
2756
2756
2762
2762
2762
2762
2762
2762
2727
2727
2727
2727
2727
2714
2714
2714
2714
2714
2769
2769
2769
2769
2769
2769
2754
2754
2754
2754
2754
2745
2745
2745
2745
2745
2734
2734
2734
2734
2734
2734
2773
2773
2773
2773
2773
2778
2778
2778
2778
2778
2730
2730
2730
2730
2730
2730
2778
2778
2778
2778
2778
2729
2729
2729
2729
2729
2750
2750
2750
2750
2750
2750
2708
2708
2708
2708
2708
2744
2744
2744
2744
2744
2725
2725
2725
2725
2725
2725
2726
2726
2726
2726
2726
2750
2750
2750
2750
2750
2728
2728
2728
2728
2728
2728
2768
2768
2768
2768
2768
2775
2775
2775
2775
2775
2745
2745
2745
2745
2745
2745
2759
2759
2759
2759
2759
2811
2811
2811
2811
2811
2727
2727
2727
2727
2727
2727
2811
2811
2811
2811
2811
2777
2777
2777
2777
2777
2793
2793
2793
2793
2793
2793
2813
2813
2813
2813
2813
2726
2726
2726
2726
2726
2766
2766
2766
2766
2766
2766
2736
2736
2736
2736
2736
2729
2729
2729
2729
2729
2774
2774
2774
2774
2774
2774
2725
2725
2725
2725
2725
2733
2733
2733
2733
2733
2747
2747
2747
2747
2747
2747
2765
2765
2765
2765
2765
2736
2736
2736
2736
2736
2773
2773
2773
2773
2773
2773
2752
2752
2752
2752
2752
2768
2768
2768
2768
2768
2754
2754
2754
2754
2754
2754
2796
2796
2796
2796
2796
2723
2723
2723
2723
2723
2794
2794
2794
2794
2794
2794
2751
2751
2751
2751
2751
2759
2759
2759
2759
2759
2773
2773
2773
2773
2773
2773
2758
2758
2758
2758
2758
2770
2770
2770
2770
2770
2786
2786
2786
2786
2786
2786
2763
2763
2763
2763
2763
2733
2733
2733
2733
2733
2759
2759
2759
2759
2759
2759
2774
2774
2774
2774
2774
2705
2705
2705
2705
2705
2728
2728
2728
2728
2728
2728
2698
2698
2698
2698
2698
2800
2800
2800
2800
2800
2782
2782
2782
2782
2782
2782
2779
2779
2779
2779
2779
2731
2731
2731
2731
2731
2782
2782
2782
2782
2782
2782
2771
2771
2771
2771
2771
2723
2723
2723
2723
2723
2733
2733
2733
2733
2733
2733
2766
2766
2766
2766
2766
2708
2708
2708
2708
2708
2766
2766
2766
2766
2766
2766
2765
2765
2765
2765
2765
2762
2762
2762
2762
2762
2774
2774
2774
2774
2774
2774
2805
2805
2805
2805
2805
2728
2728
2728
2728
2728
2738
2738
2738
2738
2738
2738
2717
2717
2717
2717
2717
2759
2759
2759
2759
2759
2723
2723
2723
2723
2723
2723
2817
2817
2817
2817
2817
2750
2750
2750
2750
2750
2812
2812
2812
2812
2812
2812
2726
2726
2726
2726
2726
2750
2750
2750
2750
2750
2761
2761
2761
2761
2761
2761
2769
2769
2769
2769
2769
2782
2782
2782
2782
2782
2759
2759
2759
2759
2759
2759
2702
2702
2702
2702
2702
2747
2747
2747
2747
2747
2750
2750
2750
2750
2750
2750
2685
2685
2685
2685
2685
2736
2736
2736
2736
2736
2696
2696
2696
2696
2696
2696
2765
2765
2765
2765
2765
2804
2804
2804
2804
2804
2754
2754
2754
2754
2754
2754
2712
2712
2712
2712
2712
2779
2779
2779
2779
2779
2778
2778
2778
2778
2778
2778
2741
2741
2741
2741
2741
2772
2772
2772
2772
2772
2798
2798
2798
2798
2798
2798
2759
2759
2759
2759
2759
2749
2749
2749
2749
2749
2722
2722
2722
2722
2722
2722
2733
2733
2733
2733
2733
2706
2706
2706
2706
2706
2697
2697
2697
2697
2697
2697
2732
2732
2732
2732
2732
2718
2718
2718
2718
2718
2752
2752
2752
2752
2752
2752
2782
2782
2782
2782
2782
2686
2686
2686
2686
2686
2709
2709
2709
2709
2709
2709
2693
2693
2693
2693
2693
2712
2712
2712
2712
2712
2755
2755
2755
2755
2755
2755
2691
2691
2691
2691
2691
2707
2707
2707
2707
2707
2726
2726
2726
2726
2726
2726
2709
2709
2709
2709
2709
2726
2726
2726
2726
2726
2706
2706
2706
2706
2706
2706
2729
2729
2729
2729
2729
2737
2737
2737
2737
2737
2775
2775
2775
2775
2775
2775
2757
2757
2757
2757
2757
2797
2797
2797
2797
2797
2783
2783
2783
2783
2783
2783
2729
2729
2729
2729
2729
2754
2754
2754
2754
2754
2715
2715
2715
2715
2715
2715
2746
2746
2746
2746
2746
2758
2758
2758
2758
2758
2745
2745
2745
2745
2745
2745
2714
2714
2714
2714
2714
2724
2724
2724
2724
2724
2726
2726
2726
2726
2726
2726
2759
2759
2759
2759
2759
2809
2809
2809
2809
2809
2798
2798
2798
2798
2798
2798
2780
2780
2780
2780
2780
2790
2790
2790
2790
2790
2716
2716
2716
2716
2716
2716
2769
2769
2769
2769
2769
2758
2758
2758
2758
2758
2723
2723
2723
2723
2723
2723
2742
2742
2742
2742
2742
2728
2728
2728
2728
2728
2755
2755
2755
2755
2755
2755
2752
2752
2752
2752
2752
2704
2704
2704
2704
2704
2766
2766
2766
2766
2766
2766
2751
2751
2751
2751
2751
2768
2768
2768
2768
2768
2744
2744
2744
2744
2744
2744
2728
2728
2728
2728
2728
2751
2751
2751
2751
2751
2735
2735
2735
2735
2735
2735
2772
2772
2772
2772
2772
2748
2748
2748
2748
2748
2796
2796
2796
2796
2796
2796
2744
2744
2744
2744
2744
2807
2807
2807
2807
2807
2764
2764
2764
2764
2764
2764
2771
2771
2771
2771
2771
2750
2750
2750
2750
2750
2712
2712
2712
2712
2712
2712
2697
2697
2697
2697
2697
2778
2778
2778
2778
2778
2790
2790
2790
2790
2790
2790
2752
2752
2752
2752
2752
2744
2744
2744
2744
2744
2754
2754
2754
2754
2754
2754
2738
2738
2738
2738
2738
2764
2764
2764
2764
2764
2732
2732
2732
2732
2732
2732
2726
2726
2726
2726
2726
2731
2731
2731
2731
2731
2771
2771
2771
2771
2771
2771
2751
2751
2751
2751
2751
2694
2694
2694
2694
2694
2683
2683
2683
2683
2683
2683
2714
2714
2714
2714
2714
2704
2704
2704
2704
2704
2710
2710
2710
2710
2710
2710
2719
2719
2719
2719
2719
2671
2671
2671
2671
2671
2681
2681
2681
2681
2681
2681
2656
2656
2656
2656
2656
2703
2703
2703
2703
2703
2657
2657
2657
2657
2657
2657
2658
2658
2658
2658
2658
2647
2647
2647
2647
2647
2681
2681
2681
2681
2681
2681
2688
2688
2688
2688
2688
2687
2687
2687
2687
2687
2676
2676
2676
2676
2676
2676
2689
2689
2689
2689
2689
2690
2690
2690
2690
2690
2674
2674
2674
2674
2674
2674
2672
2672
2672
2672
2672
2685
2685
2685
2685
2685
2686
2686
2686
2686
2686
2686
2683
2683
2683
2683
2683
2668
2668
2668
2668
2668
2636
2636
2636
2636
2636
2636
2641
2641
2641
2641
2641
2656
2656
2656
2656
2656
2636
2636
2636
2636
2636
2636
2618
2618
2618
2618
2618
2587
2587
2587
2587
2587
2593
2593
2593
2593
2593
2593
2625
2625
2625
2625
2625
2673
2673
2673
2673
2673
2721
2721
2721
2721
2721
2721
2815
2815
2815
2815
2815
2864
2864
2864
2864
2864
2966
2966
2966
2966
2966
2966
3042
3042
3042
3042
3042
3048
3048
3048
3048
3048
3050
3050
3050
3050
3050
3050
3038
3038
3038
3038
3038
2954
2954
2954
2954
2954
2872
2872
2872
2872
2872
2872
2761
2761
2761
2761
2761
2644
2644
2644
2644
2644
2526
2526
2526
2526
2526
2526
2422
2422
2422
2422
2422
2342
2342
2342
2342
2342
2353
2353
2353
2353
2353
2353
2342
2342
2342
2342
2342
2336
2336
2336
2336
2336
2372
2372
2372
2372
2372
2372
2409
2409
2409
2409
2409
2453
2453
2453
2453
2453
2512
2512
2512
2512
2512
2512
2594
2594
2594
2594
2594
2647
2647
2647
2647
2647
2713
2713
2713
2713
2713
2713
2759
2759
2759
2759
2759
2795
2795
2795
2795
2795
2804
2804
2804
2804
2804
2804
2776
2776
2776
2776
2776
2739
2739
2739
2739
2739
2652
2652
2652
2652
2652
2652
2539
2539
2539
2539
2539
2398
2398
2398
2398
2398
2320
2320
2320
2320
2320
2320
2228
2228
2228
2228
2228
2132
2132
2132
2132
2132
2085
2085
2085
2085
2085
2085
2097
2097
2097
2097
2097
2145
2145
2145
2145
2145
2182
2182
2182
2182
2182
2182
2288
2288
2288
2288
2288
2393
2393
2393
2393
2393
2470
2470
2470
2470
2470
2470
2551
2551
2551
2551
2551
2611
2611
2611
2611
2611
2647
2647
2647
2647
2647
2647
2628
2628
2628
2628
2628
2551
2551
2551
2551
2551
2496
2496
2496
2496
2496
2496
2444
2444
2444
2444
2444
2364
2364
2364
2364
2364
2347
2347
2347
2347
2347
2347
2307
2307
2307
2307
2307
2281
2281
2281
2281
2281
2369
2369
2369
2369
2369
2369
2391
2391
2391
2391
2391
2403
2403
2403
2403
2403
2449
2449
2449
2449
2449
2449
2500
2500
2500
2500
2500
2509
2509
2509
2509
2509
2495
2495
2495
2495
2495
2495
2500
2500
2500
2500
2500
2546
2546
2546
2546
2546
2565
2565
2565
2565
2565
2565
2593
2593
2593
2593
2593
2659
2659
2659
2659
2659
2722
2722
2722
2722
2722
2722
2796
2796
2796
2796
2796
2838
2838
2838
2838
2838
2851
2851
2851
2851
2851
2851
2866
2866
2866
2866
2866
2836
2836
2836
2836
2836
2765
2765
2765
2765
2765
2765
2714
2714
2714
2714
2714
2680
2680
2680
2680
2680
2530
2530
2530
2530
2530
2530
2480
2480
2480
2480
2480
2433
2433
2433
2433
2433
2368
2368
2368
2368
2368
2368
2358
2358
2358
2358
2358
2341
2341
2341
2341
2341
2342
2342
2342
2342
2342
2342
2352
2352
2352
2352
2352
2333
2333
2333
2333
2333
2426
2426
2426
2426
2426
2426
2463
2463
2463
2463
2463
2515
2515
2515
2515
2515
2598
2598
2598
2598
2598
2598
2596
2596
2596
2596
2596
2675
2675
2675
2675
2675
2719
2719
2719
2719
2719
2719
2728
2728
2728
2728
2728
2765
2765
2765
2765
2765
2743
2743
2743
2743
2743
2743
2747
2747
2747
2747
2747
2723
2723
2723
2723
2723
2729
2729
2729
2729
2729
2729
2799
2799
2799
2799
2799
2855
2855
2855
2855
2855
3073
3073
3073
3073
3073
3073
3229
3229
3229
3229
3229
3430
3430
3430
3430
3430
3597
3597
3597
3597
3597
3597
3743
3743
3743
3743
3743
3782
3782
3782
3782
3782
3833
3833
3833
3833
3833
3833
3763
3763
3763
3763
3763
3643
3643
3643
3643
3643
3521
3521
3521
3521
3521
3521
3312
3312
3312
3312
3312
3116
3116
3116
3116
3116
2926
2926
2926
2926
2926
2926
2758
2758
2758
2758
2758
2601
2601
2601
2601
2601
2514
2514
2514
2514
2514
2514
2412
2412
2412
2412
2412
2353
2353
2353
2353
2353
2370
2370
2370
2370
2370
2370
2354
2354
2354
2354
2354
2431
2431
2431
2431
2431
2529
2529
2529
2529
2529
2529
2623
2623
2623
2623
2623
2783
2783
2783
2783
2783
2938
2938
2938
2938
2938
2938
3061
3061
3061
3061
3061
3170
3170
3170
3170
3170
3249
3249
3249
3249
3249
3249
3302
3302
3302
3302
3302
3274
3274
3274
3274
3274
3189
3189
3189
3189
3189
3189
3041
3041
3041
3041
3041
2885
2885
2885
2885
2885
2727
2727
2727
2727
2727
2727
2688
2688
2688
2688
2688
2595
2595
2595
2595
2595
2656
2656
2656
2656
2656
2656
2707
2707
2707
2707
2707
2820
2820
2820
2820
2820
2983
2983
2983
2983
2983
2983
3094
3094
3094
3094
3094
3263
3263
3263
3263
3263
3297
3297
3297
3297
3297
3297
3348
3348
3348
3348
3348
3318
3318
3318
3318
3318
3214
3214
3214
3214
3214
3214
3118
3118
3118
3118
3118
2970
2970
2970
2970
2970
2843
2843
2843
2843
2843
2843
2765
2765
2765
2765
2765
2661
2661
2661
2661
2661
2595
2595
2595
2595
2595
2595
2522
2522
2522
2522
2522
2495
2495
2495
2495
2495
2553
2553
2553
2553
2553
2553
2596
2596
2596
2596
2596
2681
2681
2681
2681
2681
2759
2759
2759
2759
2759
2759
2896
2896
2896
2896
2896
2946
2946
2946
2946
2946
3085
3085
3085
3085
3085
3085
3095
3095
3095
3095
3095
3120
3120
3120
3120
3120
3107
3107
3107
3107
3107
3107
2994
2994
2994
2994
2994
2916
2916
2916
2916
2916
2752
2752
2752
2752
2752
2752
2707
2707
2707
2707
2707
2589
2589
2589
2589
2589
2474
2474
2474
2474
2474
2474
2435
2435
2435
2435
2435
2359
2359
2359
2359
2359
2360
2360
2360
2360
2360
2360
2418
2418
2418
2418
2418
2564
2564
2564
2564
2564
2737
2737
2737
2737
2737
2737
2937
2937
2937
2937
2937
3178
3178
3178
3178
3178
3323
3323
3323
3323
3323
3323
3344
3344
3344
3344
3344
3466
3466
3466
3466
3466
3489
3489
3489
3489
3489
3489
3391
3391
3391
3391
3391
3384
3384
3384
3384
3384
3223
3223
3223
3223
3223
3223
3169
3169
3169
3169
3169
3172
3172
3172
3172
3172
3204
3204
3204
3204
3204
3204
3339
3339
3339
3339
3339
3374
3374
3374
3374
3374
3547
3547
3547
3547
3547
3547
3702
3702
3702
3702
3702
3760
3760
3760
3760
3760
3857
3857
3857
3857
3857
3857
3954
3954
3954
3954
3954
3946
3946
3946
3946
3946
3909
3909
3909
3909
3909
3909
3973
3973
3973
3973
3973
3888
3888
3888
3888
3888
3894
3894
3894
3894
3894
3894
3900
3900
3900
3900
3900
3796
3796
3796
3796
3796
3795
3795
3795
3795
3795
3795
3670
3670
3670
3670
3670
3585
3585
3585
3585
3585
3546
3546
3546
3546
3546
3546
3422
3422
3422
3422
3422
3302
3302
3302
3302
3302
3274
3274
3274
3274
3274
3274
3164
3164
3164
3164
3164
3139
3139
3139
3139
3139
3119
3119
3119
3119
3119
3119
3023
3023
3023
3023
3023
3025
3025
3025
3025
3025
2936
2936
2936
2936
2936
2936
2838
2838
2838
2838
2838
2790
2790
2790
2790
2790
2783
2783
2783
2783
2783
2783
2744
2744
2744
2744
2744
2645
2645
2645
2645
2645
2728
2728
2728
2728
2728
2728
2668
2668
2668
2668
2668
2579
2579
2579
2579
2579
2606
2606
2606
2606
2606
2606
2560
2560
2560
2560
2560
2551
2551
2551
2551
2551
2516
2516
2516
2516
2516
2516
2464
2464
2464
2464
2464
2418
2418
2418
2418
2418
2385
2385
2385
2385
2385
2385
2357
2357
2357
2357
2357
2372
2372
2372
2372
2372
2306
2306
2306
2306
2306
2306
2256
2256
2256
2256
2256
2208
2208
2208
2208
2208
2200
2200
2200
2200
2200
2200
2153
2153
2153
2153
2153
2085
2085
2085
2085
2085
2052
2052
2052
2052
2052
2052
1939
1939
1939
1939
1939
1872
1872
1872
1872
1872
1799
1799
1799
1799
1799
1799
1875
1875
1875
1875
1875
1813
1813
1813
1813
1813
1832
1832
1832
1832
1832
1832
1919
1919
1919
1919
1919
1965
1965
1965
1965
1965
2067
2067
2067
2067
2067
2067
2193
2193
2193
2193
2193
2212
2212
2212
2212
2212
2311
2311
2311
2311
2311
2311
2355
2355
2355
2355
2355
2397
2397
2397
2397
2397
2506
2506
2506
2506
2506
2506
2527
2527
2527
2527
2527
2516
2516
2516
2516
2516
2600
2600
2600
2600
2600
2600
2566
2566
2566
2566
2566
2638
2638
2638
2638
2638
2624
2624
2624
2624
2624
2624
2613
2613
2613
2613
2613
2618
2618
2618
2618
2618
2601
2601
2601
2601
2601
2601
2608
2608
2608
2608
2608
2605
2605
2605
2605
2605
2608
2608
2608
2608
2608
2608
2609
2609
2609
2609
2609
2567
2567
2567
2567
2567
2574
2574
2574
2574
2574
2574
2555
2555
2555
2555
2555
2546
2546
2546
2546
2546
2513
2513
2513
2513
2513
2513
2547
2547
2547
2547
2547
2565
2565
2565
2565
2565
2544
2544
2544
2544
2544
2544
2552
2552
2552
2552
2552
2534
2534
2534
2534
2534
2584
2584
2584
2584
2584
2584
2546
2546
2546
2546
2546
2643
2643
2643
2643
2643
2595
2595
2595
2595
2595
2595
2727
2727
2727
2727
2727
2762
2762
2762
2762
2762
2860
2860
2860
2860
2860
2860
2839
2839
2839
2839
2839
2930
2930
2930
2930
2930
2985
2985
2985
2985
2985
2985
2959
2959
2959
2959
2959
2950
2950
2950
2950
2950
2979
2979
2979
2979
2979
2979
2934
2934
2934
2934
2934
2957
2957
2957
2957
2957
3003
3003
3003
3003
3003
3003
2940
2940
2940
2940
2940
2890
2890
2890
2890
2890
2819
2819
2819
2819
2819
2819
2725
2725
2725
2725
2725
2653
2653
2653
2653
2653
2677
2677
2677
2677
2677
2677
2570
2570
2570
2570
2570
2613
2613
2613
2613
2613
2565
2565
2565
2565
2565
2565
2649
2649
2649
2649
2649
2714
2714
2714
2714
2714
2768
2768
2768
2768
2768
2768
2832
2832
2832
2832
2832
2871
2871
2871
2871
2871
2914
2914
2914
2914
2914
2914
2915
2915
2915
2915
2915
2969
2969
2969
2969
2969
2939
2939
2939
2939
2939
2939
2979
2979
2979
2979
2979
2915
2915
2915
2915
2915
2922
2922
2922
2922
2922
2922
2959
2959
2959
2959
2959
2965
2965
2965
2965
2965
2973
2973
2973
2973
2973
2973
3008
3008
3008
3008
3008
3076
3076
3076
3076
3076
3096
3096
3096
3096
3096
3096
3004
3004
3004
3004
3004
3208
3208
3208
3208
3208
3058
3058
3058
3058
3058
3058
3059
3059
3059
3059
3059
3030
3030
3030
3030
3030
2991
2991
2991
2991
2991
2991
2959
2959
2959
2959
2959
2942
2942
2942
2942
2942
2946
2946
2946
2946
2946
2946
2911
2911
2911
2911
2911
2919
2919
2919
2919
2919
2880
2880
2880
2880
2880
2880
2901
2901
2901
2901
2901
2863
2863
2863
2863
2863
2904
2904
2904
2904
2904
2904
2836
2836
2836
2836
2836
2834
2834
2834
2834
2834
2758
2758
2758
2758
2758
2758
2661
2661
2661
2661
2661
2700
2700
2700
2700
2700
2609
2609
2609
2609
2609
2609
2487
2487
2487
2487
2487
2493
2493
2493
2493
2493
2452
2452
2452
2452
2452
2452
2455
2455
2455
2455
2455
2373
2373
2373
2373
2373
2362
2362
2362
2362
2362
2362
2413
2413
2413
2413
2413
2413
2413
2413
2413
2413
2408
2408
2408
2408
2408
2408
2472
2472
2472
2472
2472
2490
2490
2490
2490
2490
2461
2461
2461
2461
2461
2461
2479
2479
2479
2479
2479
2490
2490
2490
2490
2490
2427
2427
2427
2427
2427
2427
2436
2436
2436
2436
2436
2437
2437
2437
2437
2437
2441
2441
2441
2441
2441
2441
2442
2442
2442
2442
2442
2496
2496
2496
2496
2496
2501
2501
2501
2501
2501
2501
2537
2537
2537
2537
2537
2620
2620
2620
2620
2620
2726
2726
2726
2726
2726
2726
2751
2751
2751
2751
2751
2781
2781
2781
2781
2781
2868
2868
2868
2868
2868
2868
2843
2843
2843
2843
2843
2815
2815
2815
2815
2815
2905
2905
2905
2905
2905
2905
2909
2909
2909
2909
2909
2914
2914
2914
2914
2914
2954
2954
2954
2954
2954
2954
3009
3009
3009
3009
3009
3037
3037
3037
3037
3037
3043
3043
3043
3043
3043
3043
3089
3089
3089
3089
3089
3175
3175
3175
3175
3175
3215
3215
3215
3215
3215
3215
3276
3276
3276
3276
3276
3370
3370
3370
3370
3370
3472
3472
3472
3472
3472
3472
3517
3517
3517
3517
3517
3591
3591
3591
3591
3591
3577
3577
3577
3577
3577
3577
3584
3584
3584
3584
3584
3451
3451
3451
3451
3451
3422
3422
3422
3422
3422
3422
3300
3300
3300
3300
3300
3241
3241
3241
3241
3241
3172
3172
3172
3172
3172
3172
3104
3104
3104
3104
3104
3077
3077
3077
3077
3077
3097
3097
3097
3097
3097
3097
3064
3064
3064
3064
3064
3127
3127
3127
3127
3127
3079
3079
3079
3079
3079
3079
3088
3088
3088
3088
3088
3110
3110
3110
3110
3110
3112
3112
3112
3112
3112
3112
3034
3034
3034
3034
3034
2965
2965
2965
2965
2965
2961
2961
2961
2961
2961
2961
2894
2894
2894
2894
2894
2871
2871
2871
2871
2871
2853
2853
2853
2853
2853
2853
2822
2822
2822
2822
2822
2802
2802
2802
2802
2802
2784
2784
2784
2784
2784
2784
2786
2786
2786
2786
2786
2798
2798
2798
2798
2798
2837
2837
2837
2837
2837
2837
2843
2843
2843
2843
2843
2849
2849
2849
2849
2849
2826
2826
2826
2826
2826
2826
2800
2800
2800
2800
2800
2749
2749
2749
2749
2749
2775
2775
2775
2775
2775
2775
2690
2690
2690
2690
2690
2722
2722
2722
2722
2722
2652
2652
2652
2652
2652
2652
2594
2594
2594
2594
2594
2539
2539
2539
2539
2539
2549
2549
2549
2549
2549
2549
2507
2507
2507
2507
2507
2501
2501
2501
2501
2501
2507
2507
2507
2507
2507
2507
2491
2491
2491
2491
2491
2502
2502
2502
2502
2502
2478
2478
2478
2478
2478
2478
2489
2489
2489
2489
2489
2525
2525
2525
2525
2525
2525
2525
2525
2525
2525
2525
2541
2541
2541
2541
2541
2527
2527
2527
2527
2527
2541
2541
2541
2541
2541
2541
2561
2561
2561
2561
2561
2544
2544
2544
2544
2544
2541
2541
2541
2541
2541
2541
2591
2591
2591
2591
2591
2585
2585
2585
2585
2585
2586
2586
2586
2586
2586
2586
2663
2663
2663
2663
2663
2649
2649
2649
2649
2649
2656
2656
2656
2656
2656
2656
2608
2608
2608
2608
2608
2634
2634
2634
2634
2634
2615
2615
2615
2615
2615
2615
2610
2610
2610
2610
2610
2665
2665
2665
2665
2665
2621
2621
2621
2621
2621
2621
2620
2620
2620
2620
2620
2668
2668
2668
2668
2668
2693
2693
2693
2693
2693
2693
2692
2692
2692
2692
2692
2747
2747
2747
2747
2747
2736
2736
2736
2736
2736
2736
2778
2778
2778
2778
2778
2746
2746
2746
2746
2746
2759
2759
2759
2759
2759
2759
2754
2754
2754
2754
2754
2719
2719
2719
2719
2719
2724
2724
2724
2724
2724
2724
2665
2665
2665
2665
2665
2646
2646
2646
2646
2646
2636
2636
2636
2636
2636
2636
2590
2590
2590
2590
2590
2571
2571
2571
2571
2571
2615
2615
2615
2615
2615
2615
2615
2615
2615
2615
2615
2665
2665
2665
2665
2665
2698
2698
2698
2698
2698
2698
2753
2753
2753
2753
2753
2767
2767
2767
2767
2767
2815
2815
2815
2815
2815
2815
2829
2829
2829
2829
2829
2838
2838
2838
2838
2838
2871
2871
2871
2871
2871
2871
2848
2848
2848
2848
2848
2822
2822
2822
2822
2822
2809
2809
2809
2809
2809
2809
2786
2786
2786
2786
2786
2789
2789
2789
2789
2789
2672
2672
2672
2672
2672
2672
2711
2711
2711
2711
2711
2652
2652
2652
2652
2652
2664
2664
2664
2664
2664
2664
2707
2707
2707
2707
2707
2704
2704
2704
2704
2704
2737
2737
2737
2737
2737
2737
2762
2762
2762
2762
2762
2807
2807
2807
2807
2807
2824
2824
2824
2824
2824
2824
2798
2798
2798
2798
2798
2868
2868
2868
2868
2868
2819
2819
2819
2819
2819
2819
2857
2857
2857
2857
2857
2826
2826
2826
2826
2826
2762
2762
2762
2762
2762
2762
2711
2711
2711
2711
2711
2758
2758
2758
2758
2758
2735
2735
2735
2735
2735
2735
2694
2694
2694
2694
2694
2733
2733
2733
2733
2733
2797
2797
2797
2797
2797
2797
2813
2813
2813
2813
2813
2829
2829
2829
2829
2829
2846
2846
2846
2846
2846
2846
2846
2846
2846
2846
2846
2895
2895
2895
2895
2895
2895
2895
2895
2895
2895
2895
2869
2869
2869
2869
2869
2873
2873
2873
2873
2873
2880
2880
2880
2880
2880
2880
2784
2784
2784
2784
2784
2813
2813
2813
2813
2813
2817
2817
2817
2817
2817
2817
2795
2795
2795
2795
2795
2839
2839
2839
2839
2839
2786
2786
2786
2786
2786
2786
2819
2819
2819
2819
2819
2828
2828
2828
2828
2828
2786
2786
2786
2786
2786
2786
2817
2817
2817
2817
2817
2890
2890
2890
2890
2890
2825
2825
2825
2825
2825
2825
2884
2884
2884
2884
2884
2925
2925
2925
2925
2925
2946
2946
2946
2946
2946
2946
2987
2987
2987
2987
2987
2926
2926
2926
2926
2926
2949
2949
2949
2949
2949
2949
2956
2956
2956
2956
2956
2874
2874
2874
2874
2874
2864
2864
2864
2864
2864
2864
2852
2852
2852
2852
2852
2802
2802
2802
2802
2802
2805
2805
2805
2805
2805
2805
2860
2860
2860
2860
2860
2852
2852
2852
2852
2852
2835
2835
2835
2835
2835
2835
2865
2865
2865
2865
2865
2847
2847
2847
2847
2847
2828
2828
2828
2828
2828
2828
2883
2883
2883
2883
2883
2846
2846
2846
2846
2846
2765
2765
2765
2765
2765
2765
2778
2778
2778
2778
2778
2789
2789
2789
2789
2789
2714
2714
2714
2714
2714
2714
2739
2739
2739
2739
2739
2718
2718
2718
2718
2718
2680
2680
2680
2680
2680
2680
2752
2752
2752
2752
2752
2704
2704
2704
2704
2704
2741
2741
2741
2741
2741
2741
2761
2761
2761
2761
2761
2745
2745
2745
2745
2745
2746
2746
2746
2746
2746
2746
2750
2750
2750
2750
2750
2689
2689
2689
2689
2689
2699
2699
2699
2699
2699
2699
2653
2653
2653
2653
2653
2709
2709
2709
2709
2709
2740
2740
2740
2740
2740
2740
2696
2696
2696
2696
2696
2706
2706
2706
2706
2706
2700
2700
2700
2700
2700
2700
2691
2691
2691
2691
2691
2695
2695
2695
2695
2695
2679
2679
2679
2679
2679
2679
2758
2758
2758
2758
2758
2740
2740
2740
2740
2740
2738
2738
2738
2738
2738
2738
2821
2821
2821
2821
2821
2839
2839
2839
2839
2839
2860
2860
2860
2860
2860
2860
2903
2903
2903
2903
2903
2884
2884
2884
2884
2884
2896
2896
2896
2896
2896
2896
2904
2904
2904
2904
2904
2857
2857
2857
2857
2857
2809
2809
2809
2809
2809
2809
2766
2766
2766
2766
2766
2813
2813
2813
2813
2813
2769
2769
2769
2769
2769
2769
2825
2825
2825
2825
2825
2800
2800
2800
2800
2800
2851
2851
2851
2851
2851
2851
2875
2875
2875
2875
2875
2900
2900