2270
2270
2270
2270
2286
2286
2286
2286
2286
2314
2314
2314
2314
2314
2330
2330
2330
2330
2330
2330
2334
2334
2334
2334
2334
2362
2362
2362
2362
2362
2370
2370
2370
2370
2370
2370
2387
2387
2387
2387
2387
2395
2395
2395
2395
2395
2417
2417
2417
2417
2417
2417
2410
2410
2410
2410
2410
2440
2440
2440
2440
2440
2438
2438
2438
2438
2438
2438
2434
2434
2434
2434
2434
2448
2448
2448
2448
2448
2456
2456
2456
2456
2456
2456
2473
2473
2473
2473
2473
2489
2489
2489
2489
2489
2495
2495
2495
2495
2495
2495
2505
2505
2505
2505
2505
2521
2521
2521
2521
2521
2511
2511
2511
2511
2511
2511
2544
2544
2544
2544
2544
2547
2547
2547
2547
2547
2555
2555
2555
2555
2555
2555
2550
2550
2550
2550
2550
2559
2559
2559
2559
2559
2573
2573
2573
2573
2573
2573
2567
2567
2567
2567
2567
2589
2589
2589
2589
2589
2599
2599
2599
2599
2599
2599
2604
2604
2604
2604
2604
2626
2626
2626
2626
2626
2628
2628
2628
2628
2628
2628
2651
2651
2651
2651
2651
2652
2652
2652
2652
2652
2692
2692
2692
2692
2692
2692
2694
2694
2694
2694
2694
2694
2694
2694
2694
2694
2728
2728
2728
2728
2728
2728
2732
2732
2732
2732
2732
2752
2752
2752
2752
2752
2776
2776
2776
2776
2776
2776
2800
2800
2800
2800
2800
2816
2816
2816
2816
2816
2844
2844
2844
2844
2844
2844
2862
2862
2862
2862
2862
2881
2881
2881
2881
2881
2911
2911
2911
2911
2911
2911
2911
2911
2911
2911
2911
2936
2936
2936
2936
2936
2953
2953
2953
2953
2953
2953
2954
2954
2954
2954
2954
2980
2980
2980
2980
2980
3005
3005
3005
3005
3005
3005
3009
3009
3009
3009
3009
3033
3033
3033
3033
3033
3051
3051
3051
3051
3051
3051
3059
3059
3059
3059
3059
3056
3056
3056
3056
3056
3083
3083
3083
3083
3083
3083
3096
3096
3096
3096
3096
3108
3108
3108
3108
3108
3109
3109
3109
3109
3109
3109
3127
3127
3127
3127
3127
3123
3123
3123
3123
3123
3136
3136
3136
3136
3136
3136
3132
3132
3132
3132
3132
3140
3140
3140
3140
3140
3134
3134
3134
3134
3134
3134
3141
3141
3141
3141
3141
3138
3138
3138
3138
3138
3137
3137
3137
3137
3137
3137
3145
3145
3145
3145
3145
3142
3142
3142
3142
3142
3152
3152
3152
3152
3152
3152
3150
3150
3150
3150
3150
3138
3138
3138
3138
3138
3144
3144
3144
3144
3144
3144
3148
3148
3148
3148
3148
3147
3147
3147
3147
3147
3154
3154
3154
3154
3154
3154
3161
3161
3161
3161
3161
3155
3155
3155
3155
3155
3153
3153
3153
3153
3153
3153
3157
3157
3157
3157
3157
3151
3151
3151
3151
3151
3157
3157
3157
3157
3157
3157
3152
3152
3152
3152
3152
3148
3148
3148
3148
3148
3145
3145
3145
3145
3145
3145
3145
3145
3145
3145
3145
3129
3129
3129
3129
3129
3128
3128
3128
3128
3128
3128
3126
3126
3126
3126
3126
3149
3149
3149
3149
3149
3135
3135
3135
3135
3135
3135
3117
3117
3117
3117
3117
3123
3123
3123
3123
3123
3147
3147
3147
3147
3147
3147
3144
3144
3144
3144
3144
3158
3158
3158
3158
3158
3151
3151
3151
3151
3151
3151
3158
3158
3158
3158
3158
3163
3163
3163
3163
3163
3147
3147
3147
3147
3147
3147
3150
3150
3150
3150
3150
3137
3137
3137
3137
3137
3134
3134
3134
3134
3134
3134
3131
3131
3131
3131
3131
3126
3126
3126
3126
3126
3120
3120
3120
3120
3120
3120
3111
3111
3111
3111
3111
3106
3106
3106
3106
3106
3098
3098
3098
3098
3098
3098
3085
3085
3085
3085
3085
3086
3086
3086
3086
3086
3098
3098
3098
3098
3098
3098
3085
3085
3085
3085
3085
3064
3064
3064
3064
3064
3080
3080
3080
3080
3080
3080
3088
3088
3088
3088
3088
3066
3066
3066
3066
3066
3080
3080
3080
3080
3080
3080
3064
3064
3064
3064
3064
3067
3067
3067
3067
3067
3054
3054
3054
3054
3054
3054
3051
3051
3051
3051
3051
3035
3035
3035
3035
3035
3041
3041
3041
3041
3041
3041
3026
3026
3026
3026
3026
3001
3001
3001
3001
3001
3016
3016
3016
3016
3016
3016
3007
3007
3007
3007
3007
2998
2998
2998
2998
2998
2989
2989
2989
2989
2989
2989
2985
2985
2985
2985
2985
2986
2986
2986
2986
2986
2985
2985
2985
2985
2985
2985
2976
2976
2976
2976
2976
2979
2979
2979
2979
2979
2970
2970
2970
2970
2970
2970
2964
2964
2964
2964
2964
2959
2959
2959
2959
2959
2955
2955
2955
2955
2955
2955
2952
2952
2952
2952
2952
2945
2945
2945
2945
2945
2944
2944
2944
2944
2944
2944
2936
2936
2936
2936
2936
2944
2944
2944
2944
2944
2929
2929
2929
2929
2929
2929
2933
2933
2933
2933
2933
2920
2920
2920
2920
2920
2906
2906
2906
2906
2906
2906
2903
2903
2903
2903
2903
2898
2898
2898
2898
2898
2882
2882
2882
2882
2882
2882
2887
2887
2887
2887
2887
2870
2870
2870
2870
2870
2844
2844
2844
2844
2844
2844
2830
2830
2830
2830
2830
2824
2824
2824
2824
2824
2810
2810
2810
2810
2810
2810
2780
2780
2780
2780
2780
2780
2780
2780
2780
2780
2786
2786
2786
2786
2786
2786
2746
2746
2746
2746
2746
2755
2755
2755
2755
2755
2722
2722
2722
2722
2722
2722
2704
2704
2704
2704
2704
2685
2685
2685
2685
2685
2675
2675
2675
2675
2675
2675
2670
2670
2670
2670
2670
2633
2633
2633
2633
2633
2617
2617
2617
2617
2617
2617
2598
2598
2598
2598
2598
2587
2587
2587
2587
2587
2583
2583
2583
2583
2583
2583
2550
2550
2550
2550
2550
2548
2548
2548
2548
2548
2522
2522
2522
2522
2522
2522
2507
2507
2507
2507
2507
2487
2487
2487
2487
2487
2469
2469
2469
2469
2469
2469
2456
2456
2456
2456
2456
2440
2440
2440
2440
2440
2401
2401
2401
2401
2401
2401
2388
2388
2388
2388
2388
2367
2367
2367
2367
2367
2357
2357
2357
2357
2357
2357
2334
2334
2334
2334
2334
2333
2333
2333
2333
2333
2316
2316
2316
2316
2316
2316
2306
2306
2306
2306
2306
2286
2286
2286
2286
2286
2298
2298
2298
2298
2298
2298
2273
2273
2273
2273
2273
2275
2275
2275
2275
2275
2267
2267
2267
2267
2267
2267
2257
2257
2257
2257
2257
2245
2245
2245
2245
2245
2245
2245
2245
2245
2245
2245
2213
2213
2213
2213
2213
2240
2240
2240
2240
2240
2236
2236
2236
2236
2236
2236
2229
2229
2229
2229
2229
2221
2221
2221
2221
2221
2217
2217
2217
2217
2217
2217
2213
2213
2213
2213
2213
2204
2204
2204
2204
2204
2215
2215
2215
2215
2215
2215
2195
2195
2195
2195
2195
2187
2187
2187
2187
2187
2181
2181
2181
2181
2181
2181
2182
2182
2182
2182
2182
2177
2177
2177
2177
2177
2192
2192
2192
2192
2192
2192
2198
2198
2198
2198
2198
2186
2186
2186
2186
2186
2196
2196
2196
2196
2196
2196
2198
2198
2198
2198
2198
2213
2213
2213
2213
2213
2205
2205
2205
2205
2205
2205
2196
2196
2196
2196
2196
2229
2229
2229
2229
2229
2219
2219
2219
2219
2219
2219
2230
2230
2230
2230
2230
2251
2251
2251
2251
2251
2264
2264
2264
2264
2264
2264
2252
2252
2252
2252
2252
2274
2274
2274
2274
2274
2256
2256
2256
2256
2256
2256
2286
2286
2286
2286
2286
2263
2263
2263
2263
2263
2272
2272
2272
2272
2272
2272
2282
2282
2282
2282
2282
2267
2267
2267
2267
2267
2276
2276
2276
2276
2276
2276
2283
2283
2283
2283
2283
2297
2297
2297
2297
2297
2311
2311
2311
2311
2311
2311
2325
2325
2325
2325
2325
2318
2318
2318
2318
2318
2318
2318
2318
2318
2318
2318
2327
2327
2327
2327
2327
2321
2321
2321
2321
2321
2333
2333
2333
2333
2333
2333
2342
2342
2342
2342
2342
2355
2355
2355
2355
2355
2365
2365
2365
2365
2365
2365
2375
2375
2375
2375
2375
2383
2383
2383
2383
2383
2385
2385
2385
2385
2385
2385
2401
2401
2401
2401
2401
2417
2417
2417
2417
2417
2439
2439
2439
2439
2439
2439
2420
2420
2420
2420
2420
2431
2431
2431
2431
2431
2440
2440
2440
2440
2440
2440
2437
2437
2437
2437
2437
2440
2440
2440
2440
2440
2454
2454
2454
2454
2454
2454
2445
2445
2445
2445
2445
2465
2465
2465
2465
2465
2470
2470
2470
2470
2470
2470
2470
2470
2470
2470
2470
2494
2494
2494
2494
2494
2502
2502
2502
2502
2502
2502
2517
2517
2517
2517
2517
2511
2511
2511
2511
2511
2531
2531
2531
2531
2531
2531
2525
2525
2525
2525
2525
2540
2540
2540
2540
2540
2568
2568
2568
2568
2568
2568
2566
2566
2566
2566
2566
2586
2586
2586
2586
2586
2605
2605
2605
2605
2605
2605
2617
2617
2617
2617
2617
2639
2639
2639
2639
2639
2660
2660
2660
2660
2660
2660
2673
2673
2673
2673
2673
2688
2688
2688
2688
2688
2695
2695
2695
2695
2695
2695
2687
2687
2687
2687
2687
2690
2690
2690
2690
2690
2698
2698
2698
2698
2698
2698
2714
2714
2714
2714
2714
2716
2716
2716
2716
2716
2699
2699
2699
2699
2699
2699
2706
2706
2706
2706
2706
2686
2686
2686
2686
2686
2700
2700
2700
2700
2700
2700
2676
2676
2676
2676
2676
2685
2685
2685
2685
2685
2686
2686
2686
2686
2686
2686
2685
2685
2685
2685
2685
2706
2706
2706
2706
2706
2707
2707
2707
2707
2707
2707
2723
2723
2723
2723
2723
2727
2727
2727
2727
2727
2732
2732
2732
2732
2732
2732
2740
2740
2740
2740
2740
2726
2726
2726
2726
2726
2735
2735
2735
2735
2735
2735
2727
2727
2727
2727
2727
2722
2722
2722
2722
2722
2702
2702
2702
2702
2702
2702
2699
2699
2699
2699
2699
2678
2678
2678
2678
2678
2687
2687
2687
2687
2687
2687
2675
2675
2675
2675
2675
2639
2639
2639
2639
2639
2643
2643
2643
2643
2643
2643
2641
2641
2641
2641
2641
2630
2630
2630
2630
2630
2627
2627
2627
2627
2627
2627
2625
2625
2625
2625
2625
2629
2629
2629
2629
2629
2628
2628
2628
2628
2628
2628
2639
2639
2639
2639
2639
2645
2645
2645
2645
2645
2660
2660
2660
2660
2660
2660
2672
2672
2672
2672
2672
2705
2705
2705
2705
2705
2709
2709
2709
2709
2709
2709
2719
2719
2719
2719
2719
2749
2749
2749
2749
2749
2747
2747
2747
2747
2747
2747
2730
2730
2730
2730
2730
2738
2738
2738
2738
2738
2738
2738
2738
2738
2738
2738
2739
2739
2739
2739
2739
2728
2728
2728
2728
2728
2750
2750
2750
2750
2750
2750
2753
2753
2753
2753
2753
2754
2754
2754
2754
2754
2763
2763
2763
2763
2763
2763
2770
2770
2770
2770
2770
2780
2780
2780
2780
2780
2801
2801
2801
2801
2801
2801
2814
2814
2814
2814
2814
2821
2821
2821
2821
2821
2831
2831
2831
2831
2831
2831
2856
2856
2856
2856
2856
2865
2865
2865
2865
2865
2869
2869
2869
2869
2869
2869
2877
2877
2877
2877
2877
2882
2882
2882
2882
2882
2894
2894
2894
2894
2894
2894
2875
2875
2875
2875
2875
2897
2897
2897
2897
2897
2894
2894
2894
2894
2894
2894
2885
2885
2885
2885
2885
2909
2909
2909
2909
2909
2904
2904
2904
2904
2904
2904
2906
2906
2906
2906
2906
2897
2897
2897
2897
2897
2909
2909
2909
2909
2909
2909
2900
2900
2900
2900
2900
2900
2900
2900
2900
2900
2904
2904
2904
2904
2904
2904
2898
2898
2898
2898
2898
2891
2891
2891
2891
2891
2884
2884
2884
2884
2884
2884
2885
2885
2885
2885
2885
2882
2882
2882
2882
2882
2885
2885
2885
2885
2885
2885
2891
2891
2891
2891
2891
2883
2883
2883
2883
2883
2874
2874
2874
2874
2874
2874
2877
2877
2877
2877
2877
2885
2885
2885
2885
2885
2881
2881
2881
2881
2881
2881
2872
2872
2872
2872
2872
2878
2878
2878
2878
2878
2872
2872
2872
2872
2872
2872
2874
2874
2874
2874
2874
2869
2869
2869
2869
2869
2878
2878
2878
2878
2878
2878
2862
2862
2862
2862
2862
2865
2865
2865
2865
2865
2868
2868
2868
2868
2868
2868
2858
2858
2858
2858
2858
2849
2849
2849
2849
2849
2845
2845
2845
2845
2845
2845
2851
2851
2851
2851
2851
2830
2830
2830
2830
2830
2832
2832
2832
2832
2832
2832
2817
2817
2817
2817
2817
2804
2804
2804
2804
2804
2794
2794
2794
2794
2794
2794
2778
2778
2778
2778
2778
2769
2769
2769
2769
2769
2769
2769
2769
2769
2769
2769
2751
2751
2751
2751
2751
2755
2755
2755
2755
2755
2749
2749
2749
2749
2749
2749
2744
2744
2744
2744
2744
2746
2746
2746
2746
2746
2731
2731
2731
2731
2731
2731
2716
2716
2716
2716
2716
2697
2697
2697
2697
2697
2684
2684
2684
2684
2684
2684
2665
2665
2665
2665
2665
2646
2646
2646
2646
2646
2625
2625
2625
2625
2625
2625
2611
2611
2611
2611
2611
2579
2579
2579
2579
2579
2558
2558
2558
2558
2558
2558
2540
2540
2540
2540
2540
2532
2532
2532
2532
2532
2511
2511
2511
2511
2511
2511
2500
2500
2500
2500
2500
2488
2488
2488
2488
2488
2485
2485
2485
2485
2485
2485
2461
2461
2461
2461
2461
2448
2448
2448
2448
2448
2440
2440
2440
2440
2440
2440
2415
2415
2415
2415
2415
2409
2409
2409
2409
2409
2394
2394
2394
2394
2394
2394
2379
2379
2379
2379
2379
2371
2371
2371
2371
2371
2348
2348
2348
2348
2348
2348
2347
2347
2347
2347
2347
2331
2331
2331
2331
2331
2303
2303
2303
2303
2303
2303
2298
2298
2298
2298
2298
2298
2298
2298
2298
2298
2291
2291
2291
2291
2291
2291
2281
2281
2281
2281
2281
2277
2277
2277
2277
2277
2284
2284
2284
2284
2284
2284
2262
2262
2262
2262
2262
2267
2267
2267
2267
2267
2259
2259
2259
2259
2259
2259
2249
2249
2249
2249
2249
2231
2231
2231
2231
2231
2229
2229
2229
2229
2229
2229
2220
2220
2220
2220
2220
2212
2212
2212
2212
2212
2204
2204
2204
2204
2204
2204
2190
2190
2190
2190
2190
2196
2196
2196
2196
2196
2183
2183
2183
2183
2183
2183
2178
2178
2178
2178
2178
2183
2183
2183
2183
2183
2174
2174
2174
2174
2174
2174
2184
2184
2184
2184
2184
2189
2189
2189
2189
2189
2197
2197
2197
2197
2197
2197
2186
2186
2186
2186
2186
2190
2190
2190
2190
2190
2204
2204
2204
2204
2204
2204
2196
2196
2196
2196
2196
2187
2187
2187
2187
2187
2199
2199
2199
2199
2199
2199
2191
2191
2191
2191
2191
2179
2179
2179
2179
2179
2170
2170
2170
2170
2170
2170
2168
2168
2168
2168
2168
2161
2161
2161
2161
2161
2160
2160
2160
2160
2160
2160
2156
2156
2156
2156
2156
2161
2161
2161
2161
2161
2160
2160
2160
2160
2160
2160
2164
2164
2164
2164
2164
2172
2172
2172
2172
2172
2178
2178
2178
2178
2178
2178
2187
2187
2187
2187
2187
2203
2203
2203
2203
2203
2223
2223
2223
2223
2223
2223
2230
2230
2230
2230
2230
2246
2246
2246
2246
2246
2265
2265
2265
2265
2265
2265
2267
2267
2267
2267
2267
2269
2269
2269
2269
2269
2270
2270
2270
2270
2270
2270
2278
2278
2278
2278
2278
2264
2264
2264
2264
2264
2269
2269
2269
2269
2269
2269
2266
2266
2266
2266
2266
2274
2274
2274
2274
2274
2281
2281
2281
2281
2281
2281
2268
2268
2268
2268
2268
2282
2282
2282
2282
2282
2298
2298
2298
2298
2298
2298
2308
2308
2308
2308
2308
2336
2336
2336
2336
2336
2347
2347
2347
2347
2347
2347
2373
2373
2373
2373
2373
2384
2384
2384
2384
2384
2404
2404
2404
2404
2404
2404
2428
2428
2428
2428
2428
2434
2434
2434
2434
2434
2424
2424
2424
2424
2424
2424
2442
2442
2442
2442
2442
2429
2429
2429
2429
2429
2418
2418
2418
2418
2418
2418
2426
2426
2426
2426
2426
2420
2420
2420
2420
2420
2425
2425
2425
2425
2425
2425
2405
2405
2405
2405
2405
2416
2416
2416
2416
2416
2423
2423
2423
2423
2423
2423
2431
2431
2431
2431
2431
2423
2423
2423
2423
2423
2445
2445
2445
2445
2445
2445
2448
2448
2448
2448
2448
2468
2468
2468
2468
2468
2469
2469
2469
2469
2469
2469
2467
2467
2467
2467
2467
2501
2501
2501
2501
2501
2498
2498
2498
2498
2498
2498
2490
2490
2490
2490
2490
2517
2517
2517
2517
2517
2520
2520
2520
2520
2520
2520
2522
2522
2522
2522
2522
2516
2516
2516
2516
2516
2522
2522
2522
2522
2522
2522
2519
2519
2519
2519
2519
2528
2528
2528
2528
2528
2518
2518
2518
2518
2518
2518
2532
2532
2532
2532
2532
2518
2518
2518
2518
2518
2537
2537
2537
2537
2537
2537
2533
2533
2533
2533
2533
2553
2553
2553
2553
2553
2564
2564
2564
2564
2564
2564
2566
2566
2566
2566
2566
2603
2603
2603
2603
2603
2624
2624
2624
2624
2624
2624
2631
2631
2631
2631
2631
2639
2639
2639
2639
2639
2670
2670
2670
2670
2670
2670
2684
2684
2684
2684
2684
2690
2690
2690
2690
2690
2699
2699
2699
2699
2699
2699
2712
2712
2712
2712
2712
2709
2709
2709
2709
2709
2715
2715
2715
2715
2715
2715
2740
2740
2740
2740
2740
2741
2741
2741
2741
2741
2741
2741
2741
2741
2741
2741
2754
2754
2754
2754
2754
2765
2765
2765
2765
2765
2785
2785
2785
2785
2785
2785
2764
2764
2764
2764
2764
2789
2789
2789
2789
2789
2801
2801
2801
2801
2801
2801
2817
2817
2817
2817
2817
2816
2816
2816
2816
2816
2834
2834
2834
2834
2834
2834
2821
2821
2821
2821
2821
2824
2824
2824
2824
2824
2847
2847
2847
2847
2847
2847
2837
2837
2837
2837
2837
2842
2842
2842
2842
2842
2845
2845
2845
2845
2845
2845
2853
2853
2853
2853
2853
2866
2866
2866
2866
2866
2871
2871
2871
2871
2871
2871
2868
2868
2868
2868
2868
2899
2899
2899
2899
2899
2888
2888
2888
2888
2888
2888
2901
2901
2901
2901
2901
2932
2932
2932
2932
2932
2926
2926
2926
2926
2926
2926
2938
2938
2938
2938
2938
2932
2932
2932
2932
2932
2935
2935
2935
2935
2935
2935
2939
2939
2939
2939
2939
2937
2937
2937
2937
2937
2940
2940
2940
2940
2940
2940
2953
2953
2953
2953
2953
2967
2967
2967
2967
2967
2958
2958
2958
2958
2958
2958
2968
2968
2968
2968
2968
2967
2967
2967
2967
2967
2995
2995
2995
2995
2995
2995
3011
3011
3011
3011
3011
3014
3014
3014
3014
3014
3029
3029
3029
3029
3029
3029
3031
3031
3031
3031
3031
3035
3035
3035
3035
3035
3033
3033
3033
3033
3033
3033
3058
3058
3058
3058
3058
3064
3064
3064
3064
3064
3074
3074
3074
3074
3074
3074
3075
3075
3075
3075
3075
3092
3092
3092
3092
3092
3118
3118
3118
3118
3118
3118
3107
3107
3107
3107
3107
3143
3143
3143
3143
3143
3145
3145
3145
3145
3145
3145
3142
3142
3142
3142
3142
3150
3150
3150
3150
3150
3138
3138
3138
3138
3138
3138
3123
3123
3123
3123
3123
3112
3112
3112
3112
3112
3111
3111
3111
3111
3111
3111
3129
3129
3129
3129
3129
3106
3106
3106
3106
3106
3129
3129
3129
3129
3129
3129
3111
3111
3111
3111
3111
3118
3118
3118
3118
3118
3120
3120
3120
3120
3120
3120
3115
3115
3115
3115
3115
3118
3118
3118
3118
3118
3106
3106
3106
3106
3106
3106
3112
3112
3112
3112
3112
3146
3146
3146
3146
3146
3114
3114
3114
3114
3114
3114
3127
3127
3127
3127
3127
3117
3117
3117
3117
3117
3129
3129
3129
3129
3129
3129
3115
3115
3115
3115
3115
3106
3106
3106
3106
3106
3093
3093
3093
3093
3093
3093
3088
3088
3088
3088
3088
3065
3065
3065
3065
3065
3051
3051
3051
3051
3051
3051
3032
3032
3032
3032
3032
3028
3028
3028
3028
3028
3026
3026
3026
3026
3026
3026
3012
3012
3012
3012
3012
3007
3007
3007
3007
3007
3007
3007
3007
3007
3007
3007
3003
3003
3003
3003
3003
2981
2981
2981
2981
2981
2989
2989
2989
2989
2989
2989
2987
2987
2987
2987
2987
2987
2987
2987
2987
2987
2979
2979
2979
2979
2979
2979
2982
2982
2982
2982
2982
2982
2982
2982
2982
2982
2980
2980
2980
2980
2980
2980
2967
2967
2967
2967
2967
2963
2963
2963
2963
2963
2963
2963
2963
2963
2963
2963
2938
2938
2938
2938
2938
2940
2940
2940
2940
2940
2917
2917
2917
2917
2917
2917
2898
2898
2898
2898
2898
2880
2880
2880
2880
2880
2857
2857
2857
2857
2857
2857
2862
2862
2862
2862
2862
2836
2836
2836
2836
2836
2842
2842
2842
2842
2842
2842
2815
2815
2815
2815
2815
2816
2816
2816
2816
2816
2795
2795
2795
2795
2795
2795
2789
2789
2789
2789
2789
2770
2770
2770
2770
2770
2765
2765
2765
2765
2765
2765
2734
2734
2734
2734
2734
2733
2733
2733
2733
2733
2724
2724
2724
2724
2724
2724
2688
2688
2688
2688
2688
2687
2687
2687
2687
2687
2656
2656
2656
2656
2656
2656
2653
2653
2653
2653
2653
2639
2639
2639
2639
2639
2621
2621
2621
2621
2621
2621
2606
2606
2606
2606
2606
2585
2585
2585
2585
2585
2557
2557
2557
2557
2557
2557
2555
2555
2555
2555
2555
2541
2541
2541
2541
2541
2527
2527
2527
2527
2527
2527
2522
2522
2522
2522
2522
2509
2509
2509
2509
2509
2494
2494
2494
2494
2494
2494
2483
2483
2483
2483
2483
2485
2485
2485
2485
2485
2474
2474
2474
2474
2474
2474
2450
2450
2450
2450
2450
2453
2453
2453
2453
2453
2447
2447
2447
2447
2447
2447
2429
2429
2429
2429
2429
2433
2433
2433
2433
2433
2416
2416
2416
2416
2416
2416
2426
2426
2426
2426
2426
2425
2425
2425
2425
2425
2430
2430
2430
2430
2430
2430
2450
2450
2450
2450
2450
2430
2430
2430
2430
2430
2437
2437
2437
2437
2437
2437
2442
2442
2442
2442
2442
2443
2443
2443
2443
2443
2438
2438
2438
2438
2438
2438
2422
2422
2422
2422
2422
2425
2425
2425
2425
2425
2412
2412
2412
2412
2412
2412
2405
2405
2405
2405
2405
2396
2396
2396
2396
2396
2384
2384
2384
2384
2384
2384
2375
2375
2375
2375
2375
2375
2375
2375
2375
2375
2349
2349
2349
2349
2349
2349
2349
2349
2349
2349
2349
2345
2345
2345
2345
2345
2331
2331
2331
2331
2331
2331
2310
2310
2310
2310
2310
2328
2328
2328
2328
2328
2305
2305
2305
2305
2305
2305
2303
2303
2303
2303
2303
2301
2301
2301
2301
2301
2302
2302
2302
2302
2302
2302
2299
2299
2299
2299
2299
2283
2283
2283
2283
2283
2282
2282
2282
2282
2282
2282
2286
2286
2286
2286
2286
2266
2266
2266
2266
2266
2255
2255
2255
2255
2255
2255
2248
2248
2248
2248
2248
2241
2241
2241
2241
2241
2219
2219
2219
2219
2219
2219
2195
2195
2195
2195
2195
2192
2192
2192
2192
2192
2207
2207
2207
2207
2207
2207
2180
2180
2180
2180
2180
2187
2187
2187
2187
2187
2201
2201
2201
2201
2201
2201
2200
2200
2200
2200
2200
2195
2195
2195
2195
2195
2205
2205
2205
2205
2205
2205
2227
2227
2227
2227
2227
2239
2239
2239
2239
2239
2269
2269
2269
2269
2269
2269
2281
2281
2281
2281
2281
2289
2289
2289
2289
2289
2292
2292
2292
2292
2292
2292
2310
2310
2310
2310
2310
2320
2320
2320
2320
2320
2326
2326
2326
2326
2326
2326
2337
2337
2337
2337
2337
2348
2348
2348
2348
2348
2343
2343
2343
2343
2343
2343
2344
2344
2344
2344
2344
2361
2361
2361
2361
2361
2368
2368
2368
2368
2368
2368
2383
2383
2383
2383
2383
2391
2391
2391
2391
2391
2394
2394
2394
2394
2394
2394
2409
2409
2409
2409
2409
2431
2431
2431
2431
2431
2426
2426
2426
2426
2426
2426
2436
2436
2436
2436
2436
2453
2453
2453
2453
2453
2462
2462
2462
2462
2462
2462
2454
2454
2454
2454
2454
2481
2481
2481
2481
2481
2488
2488
2488
2488
2488
2488
2491
2491
2491
2491
2491
2474
2474
2474
2474
2474
2481
2481
2481
2481
2481
2481
2482
2482
2482
2482
2482
2474
2474
2474
2474
2474
2464
2464
2464
2464
2464
2464
2463
2463
2463
2463
2463
2451
2451
2451
2451
2451
2449
2449
2449
2449
2449
2449
2435
2435
2435
2435
2435
2444
2444
2444
2444
2444
2426
2426
2426
2426
2426
2426
2437
2437
2437
2437
2437
2426
2426
2426
2426
2426
2423
2423
2423
2423
2423
2423
2422
2422
2422
2422
2422
2432
2432
2432
2432
2432
2429
2429
2429
2429
2429
2429
2423
2423
2423
2423
2423
2423
2423
2423
2423
2423
2422
2422
2422
2422
2422
2422
2427
2427
2427
2427
2427
2422
2422
2422
2422
2422
2406
2406
2406
2406
2406
2406
2416
2416
2416
2416
2416
2422
2422
2422
2422
2422
2413
2413
2413
2413
2413
2413
2414
2414
2414
2414
2414
2423
2423
2423
2423
2423
2420
2420
2420
2420
2420
2420
2431
2431
2431
2431
2431
2418
2418
2418
2418
2418
2442
2442
2442
2442
2442
2442
2443
2443
2443
2443
2443
2441
2441
2441
2441
2441
2453
2453
2453
2453
2453
2453
2441
2441
2441
2441
2441
2450
2450
2450
2450
2450
2453
2453
2453
2453
2453
2453
2460
2460
2460
2460
2460
2458
2458
2458
2458
2458
2460
2460
2460
2460
2460
2460
2462
2462
2462
2462
2462
2475
2475
2475
2475
2475
2485
2485
2485
2485
2485
2485
2490
2490
2490
2490
2490
2497
2497
2497
2497
2497
2517
2517
2517
2517
2517
2517
2509
2509
2509
2509
2509
2526
2526
2526
2526
2526
2526
2526
2526
2526
2526
2526
2528
2528
2528
2528
2528
2522
2522
2522
2522
2522
2525
2525
2525
2525
2525
2525
2513
2513
2513
2513
2513
2518
2518
2518
2518
2518
2515
2515
2515
2515
2515
2515
2516
2516
2516
2516
2516
2510
2510
2510
2510
2510
2503
2503
2503
2503
2503
2503
2499
2499
2499
2499
2499
2491
2491
2491
2491
2491
2502
2502
2502
2502
2502
2502
2493
2493
2493
2493
2493
2495
2495
2495
2495
2495
2502
2502
2502
2502
2502
2502
2502
2502
2502
2502
2502
2505
2505
2505
2505
2505
2498
2498
2498
2498
2498
2498
2511
2511
2511
2511
2511
2494
2494
2494
2494
2494
2494
2494
2494
2494
2494
2494
2506
2506
2506
2506
2506
2503
2503
2503
2503
2503
2489
2489
2489
2489
2489
2489
2494
2494
2494
2494
2494
2477
2477
2477
2477
2477
2476
2476
2476
2476
2476
2476
2484
2484
2484
2484
2484
2479
2479
2479
2479
2479
2474
2474
2474
2474
2474
2474
2471
2471
2471
2471
2471
2437
2437
2437
2437
2437
2433
2433
2433
2433
2433
2433
2435
2435
2435
2435
2435
2425
2425
2425
2425
2425
2421
2421
2421
2421
2421
2421
2411
2411
2411
2411
2411
2406
2406
2406
2406
2406
2404
2404
2404
2404
2404
2404
2410
2410
2410
2410
2410
2407
2407
2407
2407
2407
2406
2406
2406
2406
2406
2406
2395
2395
2395
2395
2395
2410
2410
2410
2410
2410
2422
2422
2422
2422
2422
2422
2407
2407
2407
2407
2407
2411
2411
2411
2411
2411
2390
2390
2390
2390
2390
2390
2405
2405
2405
2405
2405
2398
2398
2398
2398
2398
2389
2389
2389
2389
2389
2389
2379
2379
2379
2379
2379
2379
2379
2379
2379
2379
2364
2364
2364
2364
2364
2364
2351
2351
2351
2351
2351
2368
2368
2368
2368
2368
2344
2344
2344
2344
2344
2344
2343
2343
2343
2343
2343
2331
2331
2331
2331
2331
2342
2342
2342
2342
2342
2342
2342
2342
2342
2342
2342
2332
2332
2332
2332
2332
2347
2347
2347
2347
2347
2347
2344
2344
2344
2344
2344
2360
2360
2360
2360
2360
2364
2364
2364
2364
2364
2364
2361
2361
2361
2361
2361
2359
2359
2359
2359
2359
2373
2373
2373
2373
2373
2373
2368
2368
2368
2368
2368
2351
2351
2351
2351
2351
2377
2377
2377
2377
2377
2377
2367
2367
2367
2367
2367
2386
2386
2386
2386
2386
2381
2381
2381
2381
2381
2381
2374
2374
2374
2374
2374
2374
2374
2374
2374
2374
2370
2370
2370
2370
2370
2370
2395
2395
2395
2395
2395
2385
2385
2385
2385
2385
2388
2388
2388
2388
2388
2388
2385
2385
2385
2385
2385
2428
2428
2428
2428
2428
2418
2418
2418
2418
2418
2418
2437
2437
2437
2437
2437
2448
2448
2448
2448
2448
2453
2453
2453
2453
2453
2453
2481
2481
2481
2481
2481
2497
2497
2497
2497
2497
2507
2507
2507
2507
2507
2507
2526
2526
2526
2526
2526
2522
2522
2522
2522
2522
2541
2541
2541
2541
2541
2541
2541
2541
2541
2541
2541
2550
2550
2550
2550
2550
2580
2580
2580
2580
2580
2580
2612
2612
2612
2612
2612
2597
2597
2597
2597
2597
2616
2616
2616
2616
2616
2616
2645
2645
2645
2645
2645
2642
2642
2642
2642
2642
2672
2672
2672
2672
2672
2672
2686
2686
2686
2686
2686
2707
2707
2707
2707
2707
2730
2730
2730
2730
2730
2730
2736
2736
2736
2736
2736
2743
2743
2743
2743
2743
2768
2768
2768
2768
2768
2768
2764
2764
2764
2764
2764
2773
2773
2773
2773
2773
2791
2791
2791
2791
2791
2791
2805
2805
2805
2805
2805
2831
2831
2831
2831
2831
2825
2825
2825
2825
2825
2825
2853
2853
2853
2853
2853
2892
2892
2892
2892
2892
2897
2897
2897
2897
2897
2897
2900
2900
2900
2900
2900
2943
2943
2943
2943
2943
2952
2952
2952
2952
2952
2952
2969
2969
2969
2969
2969
2970
2970
2970
2970
2970
2995
2995
2995
2995
2995
2995
3008
3008
3008
3008
3008
3010
3010
3010
3010
3010
3038
3038
3038
3038
3038
3038
3053
3053
3053
3053
3053
3058
3058
3058
3058
3058
3073
3073
3073
3073
3073
3073
3072
3072
3072
3072
3072
3098
3098
3098
3098
3098
3116
3116
3116
3116
3116
3116
3125
3125