20.064221620559692
0.7218749999999999
0.7218749999999999
0.7218749999999999
0.7218749999999999
0.7218749999999999
0.7218749999999999
0.7218749999999999
0.7218749999999999
0.7218749999999999
0.7218749999999999
0.7218749999999999
0.7218749999999999
0.7218749999999999
0.7218749999999999
0.7218749999999999
0.7218749999999999
0.7218749999999999
0.64453125
0.48984374999999997
0.43828124999999996
0.36093749999999997
0.33515625
0.30937499999999996
0.28359375
0.28359375
0.2578125
0.23203125
0.23203125
0.20625
0.20625
0.20625
0.18046874999999998
0.18046874999999998
0.18046874999999998
0.18046874999999998
0.18046874999999998
0.15468749999999998
0.15468749999999998
0.15468749999999998
0.15468749999999998
0.15468749999999998
0.15468749999999998
0.15468749999999998
0.12890625
0.12890625
0.12890625
0.12890625
0.12890625
0.12890625
0.12890625
